Revision,AggregateAccuracy,TotalPredictions,CorrectPredictions,TotalPredictionsPerRevision,CorrectPredictionsPreRevision,NumberOfWorkItems,

1,NaN,0,0,0,0,0,
2,NaN,0,0,0,0,0,
3,NaN,0,0,0,0,0,
4,NaN,0,0,0,0,0,
5,NaN,0,0,0,0,0,
6,NaN,0,0,0,0,0,
7,NaN,0,0,0,0,0,
8,NaN,0,0,0,0,0,
9,NaN,0,0,0,0,0,
10,NaN,0,0,0,0,0,
11,NaN,0,0,0,0,0,
12,NaN,0,0,0,0,0,
13,NaN,0,0,0,0,0,
14,NaN,0,0,0,0,0,
15,NaN,0,0,0,0,0,
16,NaN,0,0,0,0,0,
17,NaN,0,0,0,0,0,
18,NaN,0,0,0,0,0,
19,NaN,0,0,0,0,0,
20,NaN,0,0,0,0,0,
21,NaN,0,0,0,0,0,
22,NaN,0,0,0,0,0,
23,NaN,0,0,0,0,0,
24,NaN,0,0,0,0,0,
25,NaN,0,0,0,0,0,
26,NaN,0,0,0,0,0,
27,NaN,0,0,0,0,0,
28,NaN,0,0,0,0,0,
29,NaN,0,0,0,0,0,
30,NaN,0,0,0,0,0,
31,NaN,0,0,0,0,0,
32,NaN,0,0,0,0,0,
33,NaN,0,0,0,0,0,
34,NaN,0,0,0,0,0,
35,NaN,0,0,0,0,0,
36,NaN,0,0,0,0,0,
37,NaN,0,0,0,0,0,
38,NaN,0,0,0,0,0,
39,NaN,0,0,0,0,0,
40,NaN,0,0,0,0,0,
41,NaN,0,0,0,0,0,
42,NaN,0,0,0,0,0,
43,NaN,0,0,0,0,0,
44,NaN,0,0,0,0,0,
45,NaN,0,0,0,0,0,
46,NaN,0,0,0,0,0,
47,NaN,0,0,0,0,0,
48,NaN,0,0,0,0,0,
49,NaN,0,0,0,0,0,
50,NaN,0,0,0,0,0,
51,NaN,0,0,0,0,0,
52,NaN,0,0,0,0,1,
53,NaN,0,0,0,0,1,
54,NaN,0,0,0,0,0,
55,NaN,0,0,0,0,0,
56,NaN,0,0,0,0,0,
57,NaN,0,0,0,0,0,
58,NaN,0,0,0,0,0,
59,NaN,0,0,0,0,0,
60,NaN,0,0,0,0,0,
61,NaN,0,0,0,0,0,
62,NaN,0,0,0,0,0,
63,NaN,0,0,0,0,0,
64,NaN,0,0,0,0,0,
65,NaN,0,0,0,0,0,
66,NaN,0,0,0,0,0,
67,NaN,0,0,0,0,0,
68,NaN,0,0,0,0,0,
69,NaN,0,0,0,0,0,
70,NaN,0,0,0,0,0,
71,NaN,0,0,0,0,0,
72,NaN,0,0,0,0,2,
73,NaN,0,0,0,0,2,
74,1.0,1,1,1,1,3,
75,0.5,8,4,7,3,8,
76,0.5,8,4,0,0,8,
77,0.4444444444444444,9,4,1,0,9,
78,0.4444444444444444,9,4,0,0,9,
79,0.4444444444444444,9,4,0,0,9,
80,0.4444444444444444,9,4,0,0,9,
81,0.4444444444444444,9,4,0,0,9,
82,0.4444444444444444,9,4,0,0,9,
83,0.4444444444444444,9,4,0,0,9,
84,0.4444444444444444,9,4,0,0,9,
85,0.4444444444444444,9,4,0,0,9,
86,0.4,10,4,1,0,10,
87,0.4,10,4,0,0,10,
88,0.4,10,4,0,0,10,
89,0.36363636363636365,11,4,1,0,12,
90,0.4166666666666667,12,5,1,1,13,
91,0.38461538461538464,13,5,1,0,22,
92,0.38461538461538464,13,5,0,0,22,
93,0.3125,16,5,3,0,25,
94,0.3333333333333333,18,6,2,1,28,
95,0.45454545454545453,22,10,4,4,31,
96,0.45454545454545453,22,10,0,0,31,
97,0.3225806451612903,31,10,9,0,42,
98,0.3225806451612903,31,10,0,0,42,
99,0.3225806451612903,31,10,0,0,42,
100,0.3225806451612903,31,10,0,0,42,
101,0.3225806451612903,31,10,0,0,42,
102,0.3225806451612903,31,10,0,0,42,
103,0.3225806451612903,31,10,0,0,42,
104,0.29411764705882354,34,10,3,0,45,
105,0.29411764705882354,34,10,0,0,46,
106,0.2972972972972973,37,11,3,1,50,
107,0.2972972972972973,37,11,0,0,52,
108,0.2972972972972973,37,11,0,0,52,
109,0.2972972972972973,37,11,0,0,52,
110,0.2972972972972973,37,11,0,0,52,
111,0.2972972972972973,37,11,0,0,52,
112,0.2972972972972973,37,11,0,0,52,
113,0.2972972972972973,37,11,0,0,56,
114,0.2972972972972973,37,11,0,0,56,
115,0.2894736842105263,38,11,1,0,58,
116,0.2894736842105263,38,11,0,0,57,
117,0.28205128205128205,39,11,1,0,58,
118,0.28205128205128205,39,11,0,0,60,
119,0.28205128205128205,39,11,0,0,60,
120,0.275,40,11,1,0,61,
121,0.275,40,11,0,0,61,
122,0.275,40,11,0,0,62,
123,0.275,40,11,0,0,67,
124,0.2682926829268293,41,11,1,0,69,
125,0.2682926829268293,41,11,0,0,69,
126,0.2682926829268293,41,11,0,0,69,
127,0.2619047619047619,42,11,1,0,70,
128,0.21153846153846154,52,11,10,0,87,
129,0.21153846153846154,52,11,0,0,86,
130,0.21153846153846154,52,11,0,0,86,
131,0.21153846153846154,52,11,0,0,86,
132,0.21153846153846154,52,11,0,0,86,
133,0.21153846153846154,52,11,0,0,86,
134,0.21153846153846154,52,11,0,0,86,
135,0.21153846153846154,52,11,0,0,86,
136,0.21153846153846154,52,11,0,0,86,
137,0.21153846153846154,52,11,0,0,86,
138,0.21153846153846154,52,11,0,0,86,
139,0.21153846153846154,52,11,0,0,86,
140,0.21153846153846154,52,11,0,0,86,
141,0.21153846153846154,52,11,0,0,86,
142,0.21153846153846154,52,11,0,0,86,
143,0.21153846153846154,52,11,0,0,86,
144,0.21153846153846154,52,11,0,0,86,
145,0.21153846153846154,52,11,0,0,86,
146,0.18032786885245902,61,11,9,0,98,
147,0.1774193548387097,62,11,1,0,98,
148,0.1527777777777778,72,11,10,0,109,
149,0.1527777777777778,72,11,0,0,109,
150,0.1527777777777778,72,11,0,0,109,
151,0.1527777777777778,72,11,0,0,109,
152,0.1527777777777778,72,11,0,0,109,
153,0.1527777777777778,72,11,0,0,109,
154,0.1527777777777778,72,11,0,0,109,
155,0.1527777777777778,72,11,0,0,109,
156,0.1527777777777778,72,11,0,0,114,
157,0.1527777777777778,72,11,0,0,114,
158,0.1527777777777778,72,11,0,0,114,
159,0.1527777777777778,72,11,0,0,114,
160,0.1527777777777778,72,11,0,0,114,
161,0.1527777777777778,72,11,0,0,114,
162,0.1527777777777778,72,11,0,0,116,
163,0.1527777777777778,72,11,0,0,115,
164,0.1527777777777778,72,11,0,0,115,
165,0.1506849315068493,73,11,1,0,116,
166,0.1506849315068493,73,11,0,0,116,
167,0.1375,80,11,7,0,123,
168,0.1375,80,11,0,0,123,
169,0.1375,80,11,0,0,123,
170,0.1375,80,11,0,0,123,
171,0.1375,80,11,0,0,123,
172,0.1375,80,11,0,0,123,
173,0.1375,80,11,0,0,123,
174,0.1375,80,11,0,0,123,
175,0.13580246913580246,81,11,1,0,124,
176,0.13253012048192772,83,11,2,0,116,
177,0.12790697674418605,86,11,3,0,114,
178,0.12790697674418605,86,11,0,0,114,
179,0.125,88,11,2,0,116,
180,0.125,88,11,0,0,116,
181,0.125,88,11,0,0,116,
182,0.125,88,11,0,0,116,
183,0.125,88,11,0,0,116,
184,0.125,88,11,0,0,116,
185,0.125,88,11,0,0,116,
186,0.125,88,11,0,0,116,
187,0.13043478260869565,92,12,4,1,119,
188,0.13043478260869565,92,12,0,0,119,
189,0.12244897959183673,98,12,6,0,126,
190,0.12244897959183673,98,12,0,0,126,
191,0.12244897959183673,98,12,0,0,126,
192,0.12244897959183673,98,12,0,0,126,
193,0.11764705882352941,102,12,4,0,130,
194,0.11538461538461539,104,12,2,0,128,
195,0.11538461538461539,104,12,0,0,128,
196,0.11538461538461539,104,12,0,0,127,
197,0.10810810810810811,111,12,7,0,127,
198,0.10619469026548672,113,12,2,0,127,
199,0.10619469026548672,113,12,0,0,127,
200,0.10619469026548672,113,12,0,0,130,
201,0.10526315789473684,114,12,1,0,131,
202,0.10526315789473684,114,12,0,0,131,
203,0.10526315789473684,114,12,0,0,131,
204,0.10526315789473684,114,12,0,0,131,
205,0.09523809523809523,126,12,12,0,134,
206,0.09523809523809523,126,12,0,0,134,
207,0.09523809523809523,126,12,0,0,134,
208,0.09523809523809523,126,12,0,0,134,
209,0.09523809523809523,126,12,0,0,139,
210,0.09375,128,12,2,0,141,
211,0.0916030534351145,131,12,3,0,144,
212,0.08633093525179857,139,12,8,0,152,
213,0.0851063829787234,141,12,2,0,153,
214,0.0851063829787234,141,12,0,0,154,
215,0.08450704225352113,142,12,1,0,155,
216,0.08450704225352113,142,12,0,0,155,
217,0.08450704225352113,142,12,0,0,155,
218,0.08450704225352113,142,12,0,0,155,
219,0.08450704225352113,142,12,0,0,155,
220,0.08450704225352113,142,12,0,0,155,
221,0.08450704225352113,142,12,0,0,155,
222,0.08450704225352113,142,12,0,0,155,
223,0.08450704225352113,142,12,0,0,155,
224,0.08450704225352113,142,12,0,0,155,
225,0.08450704225352113,142,12,0,0,155,
226,0.08450704225352113,142,12,0,0,155,
227,0.08450704225352113,142,12,0,0,155,
228,0.08450704225352113,142,12,0,0,155,
229,0.08450704225352113,142,12,0,0,155,
230,0.08450704225352113,142,12,0,0,155,
231,0.08450704225352113,142,12,0,0,155,
232,0.08450704225352113,142,12,0,0,155,
233,0.08450704225352113,142,12,0,0,155,
234,0.08450704225352113,142,12,0,0,155,
235,0.08450704225352113,142,12,0,0,155,
236,0.08450704225352113,142,12,0,0,155,
237,0.08450704225352113,142,12,0,0,155,
238,0.08391608391608392,143,12,1,0,156,
239,0.08275862068965517,145,12,2,0,158,
240,0.08275862068965517,145,12,0,0,159,
241,0.08108108108108109,148,12,3,0,159,
242,0.08108108108108109,148,12,0,0,159,
243,0.08108108108108109,148,12,0,0,159,
244,0.08108108108108109,148,12,0,0,159,
245,0.08108108108108109,148,12,0,0,159,
246,0.08108108108108109,148,12,0,0,159,
247,0.08108108108108109,148,12,0,0,159,
248,0.08,150,12,2,0,157,
249,0.08,150,12,0,0,157,
250,0.08,150,12,0,0,157,
251,0.08,150,12,0,0,157,
252,0.08,150,12,0,0,157,
253,0.08,150,12,0,0,157,
254,0.08,150,12,0,0,157,
255,0.08,150,12,0,0,157,
256,0.08,150,12,0,0,157,
257,0.08,150,12,0,0,157,
258,0.08,150,12,0,0,157,
259,0.08,150,12,0,0,157,
260,0.08,150,12,0,0,157,
261,0.08,150,12,0,0,157,
262,0.07947019867549669,151,12,1,0,157,
263,0.07947019867549669,151,12,0,0,157,
264,0.07947019867549669,151,12,0,0,157,
265,0.07947019867549669,151,12,0,0,157,
266,0.07947019867549669,151,12,0,0,157,
267,0.07947019867549669,151,12,0,0,160,
268,0.07947019867549669,151,12,0,0,160,
269,0.07947019867549669,151,12,0,0,160,
270,0.07947019867549669,151,12,0,0,160,
271,0.07947019867549669,151,12,0,0,160,
272,0.07947019867549669,151,12,0,0,160,
273,0.07643312101910828,157,12,6,0,166,
274,0.07317073170731707,164,12,7,0,173,
275,0.07100591715976332,169,12,5,0,178,
276,0.07017543859649122,171,12,2,0,180,
277,0.07017543859649122,171,12,0,0,180,
278,0.06976744186046512,172,12,1,0,181,
279,0.06936416184971098,173,12,1,0,182,
280,0.06936416184971098,173,12,0,0,182,
281,0.06936416184971098,173,12,0,0,182,
282,0.06936416184971098,173,12,0,0,182,
283,0.06936416184971098,173,12,0,0,182,
284,0.06936416184971098,173,12,0,0,182,
285,0.06936416184971098,173,12,0,0,182,
286,0.06936416184971098,173,12,0,0,182,
287,0.06936416184971098,173,12,0,0,182,
288,0.06936416184971098,173,12,0,0,182,
289,0.06936416184971098,173,12,0,0,182,
290,0.06936416184971098,173,12,0,0,182,
291,0.06896551724137931,174,12,1,0,182,
292,0.06896551724137931,174,12,0,0,182,
293,0.06896551724137931,174,12,0,0,182,
294,0.06896551724137931,174,12,0,0,182,
295,0.06818181818181818,176,12,2,0,184,
296,0.06741573033707865,178,12,2,0,186,
297,0.06741573033707865,178,12,0,0,186,
298,0.06741573033707865,178,12,0,0,186,
299,0.06741573033707865,178,12,0,0,186,
300,0.06741573033707865,178,12,0,0,186,
301,0.06741573033707865,178,12,0,0,186,
302,0.06666666666666667,180,12,2,0,191,
303,0.06557377049180328,183,12,3,0,194,
304,0.06557377049180328,183,12,0,0,194,
305,0.06557377049180328,183,12,0,0,194,
306,0.06557377049180328,183,12,0,0,194,
307,0.06417112299465241,187,12,4,0,198,
308,0.06417112299465241,187,12,0,0,198,
309,0.06417112299465241,187,12,0,0,198,
310,0.06417112299465241,187,12,0,0,198,
311,0.06417112299465241,187,12,0,0,198,
312,0.06417112299465241,187,12,0,0,198,
313,0.06417112299465241,187,12,0,0,198,
314,0.06417112299465241,187,12,0,0,198,
315,0.06382978723404255,188,12,1,0,198,
316,0.06382978723404255,188,12,0,0,199,
317,0.06382978723404255,188,12,0,0,199,
318,0.06382978723404255,188,12,0,0,199,
319,0.06382978723404255,188,12,0,0,199,
320,0.06382978723404255,188,12,0,0,199,
321,0.06349206349206349,189,12,1,0,200,
322,0.06349206349206349,189,12,0,0,200,
323,0.06349206349206349,189,12,0,0,200,
324,0.06349206349206349,189,12,0,0,200,
325,0.0625,192,12,3,0,203,
326,0.0625,192,12,0,0,203,
327,0.0625,192,12,0,0,203,
328,0.0625,192,12,0,0,203,
329,0.06153846153846154,195,12,3,0,206,
330,0.061224489795918366,196,12,1,0,208,
331,0.061224489795918366,196,12,0,0,208,
332,0.061224489795918366,196,12,0,0,208,
333,0.061224489795918366,196,12,0,0,208,
334,0.07727272727272727,220,17,24,5,225,
335,0.07727272727272727,220,17,0,0,225,
336,0.07727272727272727,220,17,0,0,224,
337,0.07727272727272727,220,17,0,0,224,
338,0.07727272727272727,220,17,0,0,224,
339,0.07727272727272727,220,17,0,0,224,
340,0.07727272727272727,220,17,0,0,224,
341,0.07727272727272727,220,17,0,0,224,
342,0.07727272727272727,220,17,0,0,223,
343,0.07727272727272727,220,17,0,0,223,
344,0.07727272727272727,220,17,0,0,223,
345,0.07727272727272727,220,17,0,0,223,
346,0.07727272727272727,220,17,0,0,223,
347,0.07727272727272727,220,17,0,0,223,
348,0.07657657657657657,222,17,2,0,225,
349,0.07657657657657657,222,17,0,0,225,
350,0.07657657657657657,222,17,0,0,225,
351,0.07657657657657657,222,17,0,0,225,
352,0.07657657657657657,222,17,0,0,225,
353,0.07657657657657657,222,17,0,0,225,
354,0.07657657657657657,222,17,0,0,225,
355,0.07657657657657657,222,17,0,0,225,
356,0.07657657657657657,222,17,0,0,225,
357,0.07657657657657657,222,17,0,0,225,
358,0.07657657657657657,222,17,0,0,225,
359,0.07657657657657657,222,17,0,0,225,
360,0.07657657657657657,222,17,0,0,225,
361,0.07657657657657657,222,17,0,0,225,
362,0.07657657657657657,222,17,0,0,225,
363,0.07657657657657657,222,17,0,0,225,
364,0.07657657657657657,222,17,0,0,225,
365,0.07657657657657657,222,17,0,0,225,
366,0.07657657657657657,222,17,0,0,225,
367,0.07657657657657657,222,17,0,0,225,
368,0.07657657657657657,222,17,0,0,225,
369,0.07657657657657657,222,17,0,0,225,
370,0.07657657657657657,222,17,0,0,225,
371,0.07657657657657657,222,17,0,0,225,
372,0.07657657657657657,222,17,0,0,225,
373,0.07657657657657657,222,17,0,0,225,
374,0.07657657657657657,222,17,0,0,225,
375,0.07657657657657657,222,17,0,0,225,
376,0.07589285714285714,224,17,2,0,227,
377,0.07456140350877193,228,17,4,0,230,
378,0.07456140350877193,228,17,0,0,230,
379,0.07456140350877193,228,17,0,0,230,
380,0.07456140350877193,228,17,0,0,230,
381,0.07327586206896551,232,17,4,0,234,
382,0.07327586206896551,232,17,0,0,234,
383,0.07327586206896551,232,17,0,0,234,
384,0.07327586206896551,232,17,0,0,234,
385,0.07327586206896551,232,17,0,0,234,
386,0.07327586206896551,232,17,0,0,234,
387,0.07327586206896551,232,17,0,0,234,
388,0.07327586206896551,232,17,0,0,234,
389,0.07327586206896551,232,17,0,0,234,
390,0.07327586206896551,232,17,0,0,234,
391,0.07327586206896551,232,17,0,0,234,
392,0.07327586206896551,232,17,0,0,234,
393,0.07296137339055794,233,17,1,0,235,
394,0.07296137339055794,233,17,0,0,235,
395,0.07296137339055794,233,17,0,0,235,
396,0.07296137339055794,233,17,0,0,235,
397,0.07296137339055794,233,17,0,0,235,
398,0.07296137339055794,233,17,0,0,235,
399,0.07296137339055794,233,17,0,0,235,
400,0.07296137339055794,233,17,0,0,235,
401,0.07296137339055794,233,17,0,0,235,
402,0.07692307692307693,234,18,1,1,236,
403,0.07692307692307693,234,18,0,0,236,
404,0.07692307692307693,234,18,0,0,236,
405,0.07692307692307693,234,18,0,0,236,
406,0.07692307692307693,234,18,0,0,236,
407,0.07692307692307693,234,18,0,0,236,
408,0.07692307692307693,234,18,0,0,236,
409,0.07692307692307693,234,18,0,0,236,
410,0.07692307692307693,234,18,0,0,236,
411,0.07692307692307693,234,18,0,0,237,
412,0.07692307692307693,234,18,0,0,239,
413,0.07692307692307693,234,18,0,0,240,
414,0.07692307692307693,234,18,0,0,240,
415,0.07692307692307693,234,18,0,0,241,
416,0.07692307692307693,234,18,0,0,241,
417,0.07692307692307693,234,18,0,0,241,
418,0.07692307692307693,234,18,0,0,243,
419,0.07692307692307693,234,18,0,0,244,
420,0.07692307692307693,234,18,0,0,246,
421,0.07692307692307693,234,18,0,0,248,
422,0.07692307692307693,234,18,0,0,250,
423,0.07692307692307693,234,18,0,0,252,
424,0.07659574468085106,235,18,1,0,252,
425,0.07627118644067797,236,18,1,0,252,
426,0.0759493670886076,237,18,1,0,252,
427,0.075,240,18,3,0,252,
428,0.07228915662650602,249,18,9,0,252,
429,0.07228915662650602,249,18,0,0,252,
430,0.07228915662650602,249,18,0,0,251,
431,0.07228915662650602,249,18,0,0,251,
432,0.07228915662650602,249,18,0,0,251,
433,0.072,250,18,1,0,252,
434,0.07114624505928854,253,18,3,0,255,
435,0.07086614173228346,254,18,1,0,256,
436,0.07086614173228346,254,18,0,0,256,
437,0.07086614173228346,254,18,0,0,256,
438,0.0703125,256,18,2,0,258,
439,0.07003891050583658,257,18,1,0,259,
440,0.07364341085271318,258,19,1,1,260,
441,0.07364341085271318,258,19,0,0,260,
442,0.07692307692307693,260,20,2,1,262,
443,0.08045977011494253,261,21,1,1,263,
444,0.08745247148288973,263,23,2,2,265,
445,0.09090909090909091,264,24,1,1,266,
446,0.09090909090909091,264,24,0,0,266,
447,0.09090909090909091,264,24,0,0,267,
448,0.09056603773584905,265,24,1,0,269,
449,0.08921933085501858,269,24,4,0,273,
450,0.08823529411764706,272,24,3,0,276,
451,0.08759124087591241,274,24,2,0,278,
452,0.08727272727272728,275,24,1,0,279,
453,0.08695652173913043,276,24,1,0,280,
454,0.08633093525179857,278,24,2,0,282,
455,0.08450704225352113,284,24,6,0,288,
456,0.08421052631578947,285,24,1,0,289,
457,0.08362369337979095,287,24,2,0,291,
458,0.08333333333333333,288,24,1,0,292,
459,0.08275862068965517,290,24,2,0,294,
460,0.08191126279863481,293,24,3,0,297,
461,0.08108108108108109,296,24,3,0,298,
462,0.08108108108108109,296,24,0,0,298,
463,0.08108108108108109,296,24,0,0,298,
464,0.07894736842105263,304,24,8,0,306,
465,0.07868852459016394,305,24,1,0,306,
466,0.0781758957654723,307,24,2,0,308,
467,0.07792207792207792,308,24,1,0,309,
468,0.07766990291262135,309,24,1,0,310,
469,0.07692307692307693,312,24,3,0,313,
470,0.07643312101910828,314,24,2,0,315,
471,0.07547169811320754,318,24,4,0,319,
472,0.075,320,24,2,0,321,
473,0.07453416149068323,322,24,2,0,323,
474,0.07407407407407407,324,24,2,0,325,
475,0.07228915662650602,332,24,8,0,333,
476,0.07164179104477612,335,24,3,0,336,
477,0.07038123167155426,341,24,6,0,342,
478,0.06956521739130435,345,24,4,0,346,
479,0.06936416184971098,346,24,1,0,346,
480,0.06936416184971098,346,24,0,0,345,
481,0.06936416184971098,346,24,0,0,345,
482,0.06936416184971098,346,24,0,0,345,
483,0.06936416184971098,346,24,0,0,345,
484,0.06936416184971098,346,24,0,0,345,
485,0.06936416184971098,346,24,0,0,345,
486,0.06936416184971098,346,24,0,0,345,
487,0.06936416184971098,346,24,0,0,345,
488,0.06896551724137931,348,24,2,0,347,
489,0.06896551724137931,348,24,0,0,347,
490,0.06896551724137931,348,24,0,0,347,
491,0.06896551724137931,348,24,0,0,347,
492,0.06896551724137931,348,24,0,0,347,
493,0.07865168539325842,356,28,8,4,347,
494,0.07865168539325842,356,28,0,0,347,
495,0.07865168539325842,356,28,0,0,347,
496,0.07865168539325842,356,28,0,0,347,
497,0.07734806629834254,362,28,6,0,353,
498,0.07901907356948229,367,29,5,1,354,
499,0.07901907356948229,367,29,0,0,354,
500,0.07901907356948229,367,29,0,0,354,
501,0.07901907356948229,367,29,0,0,354,
502,0.07901907356948229,367,29,0,0,354,
503,0.07901907356948229,367,29,0,0,354,
504,0.07901907356948229,367,29,0,0,354,
505,0.07901907356948229,367,29,0,0,354,
506,0.07901907356948229,367,29,0,0,354,
507,0.07901907356948229,367,29,0,0,354,
508,0.08130081300813008,369,30,2,1,354,
509,0.079155672823219,379,30,10,0,356,
510,0.07894736842105263,380,30,1,0,356,
511,0.07853403141361257,382,30,2,0,358,
512,0.0783289817232376,383,30,1,0,359,
513,0.078125,384,30,1,0,360,
514,0.078125,384,30,0,0,360,
515,0.078125,384,30,0,0,360,
516,0.07712082262210797,389,30,5,0,365,
517,0.07712082262210797,389,30,0,0,366,
518,0.07712082262210797,389,30,0,0,366,
519,0.07692307692307693,390,30,1,0,366,
520,0.07692307692307693,390,30,0,0,367,
521,0.07672634271099744,391,30,1,0,367,
522,0.0759493670886076,395,30,4,0,370,
523,0.07317073170731707,410,30,15,0,371,
524,0.07281553398058252,412,30,2,0,371,
525,0.07142857142857142,420,30,8,0,372,
526,0.07142857142857142,420,30,0,0,372,
527,0.07142857142857142,420,30,0,0,372,
528,0.07142857142857142,420,30,0,0,374,
529,0.06960556844547564,431,30,11,0,378,
530,0.06960556844547564,431,30,0,0,381,
531,0.06944444444444445,432,30,1,0,382,
532,0.06944444444444445,432,30,0,0,382,
533,0.06944444444444445,432,30,0,0,381,
534,0.06928406466512702,433,30,1,0,381,
535,0.06912442396313365,434,30,1,0,382,
536,0.06896551724137931,435,30,1,0,379,
537,0.0683371298405467,439,30,4,0,378,
538,0.06741573033707865,445,30,6,0,379,
539,0.06726457399103139,446,30,1,0,380,
540,0.06726457399103139,446,30,0,0,380,
541,0.06726457399103139,446,30,0,0,379,
542,0.06726457399103139,446,30,0,0,379,
543,0.06607929515418502,454,30,8,0,379,
544,0.06578947368421052,456,30,2,0,381,
545,0.06564551422319474,457,30,1,0,382,
546,0.06564551422319474,457,30,0,0,382,
547,0.06564551422319474,457,30,0,0,382,
548,0.06564551422319474,457,30,0,0,382,
549,0.06493506493506493,462,30,5,0,389,
550,0.06493506493506493,462,30,0,0,389,
551,0.06493506493506493,462,30,0,0,389,
552,0.06493506493506493,462,30,0,0,389,
553,0.06302521008403361,476,30,14,0,405,
554,0.06302521008403361,476,30,0,0,405,
555,0.062111801242236024,483,30,7,0,403,
556,0.06134969325153374,489,30,6,0,414,
557,0.06048387096774194,496,30,7,0,418,
558,0.060240963855421686,498,30,2,0,424,
559,0.0684931506849315,511,35,13,5,426,
560,0.0684931506849315,511,35,0,0,426,
561,0.0684931506849315,511,35,0,0,426,
562,0.0684931506849315,511,35,0,0,426,
563,0.0684931506849315,511,35,0,0,425,
564,0.068359375,512,35,1,0,425,
565,0.068359375,512,35,0,0,425,
566,0.068359375,512,35,0,0,425,
567,0.068359375,512,35,0,0,425,
568,0.068359375,512,35,0,0,425,
569,0.06769825918762089,517,35,5,0,425,
570,0.06769825918762089,517,35,0,0,425,
571,0.06936416184971098,519,36,2,1,425,
572,0.06936416184971098,519,36,0,0,425,
573,0.07265774378585087,523,38,4,2,425,
574,0.07210626185958255,527,38,4,0,425,
575,0.07183364839319471,529,38,2,0,427,
576,0.07183364839319471,529,38,0,0,427,
577,0.0724907063197026,538,39,9,1,428,
578,0.07235621521335807,539,39,1,0,428,
579,0.07235621521335807,539,39,0,0,428,
580,0.07235621521335807,539,39,0,0,428,
581,0.07235621521335807,539,39,0,0,428,
582,0.07222222222222222,540,39,1,0,429,
583,0.07208872458410351,541,39,1,0,430,
584,0.07208872458410351,541,39,0,0,430,
585,0.07195571955719557,542,39,1,0,432,
586,0.0718232044198895,543,39,1,0,433,
587,0.07090909090909091,550,39,7,0,440,
588,0.07090909090909091,550,39,0,0,440,
589,0.07078039927404718,551,39,1,0,441,
590,0.07078039927404718,551,39,0,0,441,
591,0.07065217391304347,552,39,1,0,442,
592,0.0703971119133574,554,39,2,0,442,
593,0.07014388489208633,556,39,2,0,442,
594,0.06989247311827956,558,39,2,0,442,
595,0.06989247311827956,558,39,0,0,442,
596,0.06878306878306878,567,39,9,0,443,
597,0.06854130052724078,569,39,2,0,443,
598,0.06782608695652174,575,39,6,0,443,
599,0.06782608695652174,575,39,0,0,443,
600,0.06759098786828423,577,39,2,0,443,
601,0.06689536878216124,583,39,6,0,442,
602,0.06689536878216124,583,39,0,0,442,
603,0.06689536878216124,583,39,0,0,442,
604,0.06689536878216124,583,39,0,0,442,
605,0.06689536878216124,583,39,0,0,442,
606,0.06621392190152801,589,39,6,0,445,
607,0.06621392190152801,589,39,0,0,445,
608,0.06621392190152801,589,39,0,0,445,
609,0.06621392190152801,589,39,0,0,445,
610,0.06621392190152801,589,39,0,0,445,
611,0.06621392190152801,589,39,0,0,445,
612,0.06621392190152801,589,39,0,0,445,
613,0.06621392190152801,589,39,0,0,445,
614,0.06621392190152801,589,39,0,0,445,
615,0.06621392190152801,589,39,0,0,445,
616,0.06621392190152801,589,39,0,0,445,
617,0.06610169491525424,590,39,1,0,445,
618,0.06610169491525424,590,39,0,0,445,
619,0.06610169491525424,590,39,0,0,445,
620,0.0651085141903172,599,39,9,0,450,
621,0.0651085141903172,599,39,0,0,450,
622,0.0664451827242525,602,40,3,1,450,
623,0.06622516556291391,604,40,2,0,450,
624,0.06622516556291391,604,40,0,0,450,
625,0.06578947368421052,608,40,4,0,450,
626,0.06568144499178982,609,40,1,0,450,
627,0.06557377049180328,610,40,1,0,450,
