Revision,AggregateAccuracy,TotalPredictions,CorrectPredictions,TotalPredictionsPerRevision,CorrectPredictionsPreRevision,NumberOfWorkItems,

1,NaN,0,0,0,0,0,
2,NaN,0,0,0,0,0,
3,NaN,0,0,0,0,0,
4,NaN,0,0,0,0,0,
5,NaN,0,0,0,0,0,
6,NaN,0,0,0,0,0,
7,NaN,0,0,0,0,0,
8,NaN,0,0,0,0,0,
9,NaN,0,0,0,0,0,
10,NaN,0,0,0,0,0,
11,NaN,0,0,0,0,0,
12,NaN,0,0,0,0,0,
13,NaN,0,0,0,0,0,
14,NaN,0,0,0,0,0,
15,NaN,0,0,0,0,0,
16,NaN,0,0,0,0,0,
17,NaN,0,0,0,0,0,
18,NaN,0,0,0,0,0,
19,NaN,0,0,0,0,0,
20,NaN,0,0,0,0,0,
21,NaN,0,0,0,0,0,
22,NaN,0,0,0,0,0,
23,NaN,0,0,0,0,0,
24,NaN,0,0,0,0,0,
25,NaN,0,0,0,0,0,
26,NaN,0,0,0,0,0,
27,NaN,0,0,0,0,0,
28,NaN,0,0,0,0,0,
29,NaN,0,0,0,0,0,
30,NaN,0,0,0,0,0,
31,NaN,0,0,0,0,0,
32,NaN,0,0,0,0,0,
33,NaN,0,0,0,0,0,
34,NaN,0,0,0,0,0,
35,NaN,0,0,0,0,0,
36,NaN,0,0,0,0,0,
37,NaN,0,0,0,0,0,
38,NaN,0,0,0,0,0,
39,NaN,0,0,0,0,0,
40,NaN,0,0,0,0,0,
41,NaN,0,0,0,0,0,
42,NaN,0,0,0,0,0,
43,NaN,0,0,0,0,0,
44,NaN,0,0,0,0,0,
45,NaN,0,0,0,0,0,
46,NaN,0,0,0,0,0,
47,NaN,0,0,0,0,0,
48,NaN,0,0,0,0,0,
49,NaN,0,0,0,0,0,
50,NaN,0,0,0,0,0,
51,NaN,0,0,0,0,0,
52,NaN,0,0,0,0,1,
53,NaN,0,0,0,0,1,
54,NaN,0,0,0,0,0,
55,NaN,0,0,0,0,0,
56,NaN,0,0,0,0,0,
57,NaN,0,0,0,0,0,
58,NaN,0,0,0,0,0,
59,NaN,0,0,0,0,0,
60,NaN,0,0,0,0,0,
61,NaN,0,0,0,0,0,
62,NaN,0,0,0,0,0,
63,NaN,0,0,0,0,0,
64,NaN,0,0,0,0,0,
65,NaN,0,0,0,0,0,
66,NaN,0,0,0,0,0,
67,NaN,0,0,0,0,0,
68,NaN,0,0,0,0,0,
69,NaN,0,0,0,0,0,
70,NaN,0,0,0,0,0,
71,NaN,0,0,0,0,0,
72,NaN,0,0,0,0,2,
73,NaN,0,0,0,0,2,
74,NaN,0,0,0,0,3,
75,NaN,0,0,0,0,8,
76,NaN,0,0,0,0,8,
77,1.0,1,1,1,1,9,
78,1.0,1,1,0,0,9,
79,1.0,1,1,0,0,9,
80,1.0,1,1,0,0,9,
81,1.0,1,1,0,0,9,
82,1.0,1,1,0,0,9,
83,1.0,1,1,0,0,9,
84,1.0,1,1,0,0,9,
85,1.0,1,1,0,0,9,
86,1.0,1,1,0,0,10,
87,1.0,1,1,0,0,10,
88,1.0,1,1,0,0,10,
89,1.0,2,2,1,1,12,
90,1.0,2,2,0,0,13,
91,1.0,2,2,0,0,22,
92,1.0,2,2,0,0,22,
93,1.0,2,2,0,0,25,
94,1.0,2,2,0,0,28,
95,1.0,2,2,0,0,31,
96,1.0,2,2,0,0,31,
97,1.0,4,4,2,2,42,
98,1.0,4,4,0,0,42,
99,1.0,4,4,0,0,42,
100,1.0,4,4,0,0,42,
101,1.0,4,4,0,0,42,
102,1.0,4,4,0,0,42,
103,1.0,4,4,0,0,42,
104,1.0,4,4,0,0,45,
105,1.0,4,4,0,0,46,
106,1.0,4,4,0,0,50,
107,1.0,4,4,0,0,52,
108,1.0,4,4,0,0,52,
109,1.0,4,4,0,0,52,
110,1.0,4,4,0,0,52,
111,1.0,4,4,0,0,52,
112,1.0,4,4,0,0,52,
113,1.0,4,4,0,0,56,
114,1.0,4,4,0,0,56,
115,1.0,4,4,0,0,58,
116,1.0,4,4,0,0,57,
117,1.0,4,4,0,0,58,
118,1.0,4,4,0,0,60,
119,1.0,4,4,0,0,60,
120,1.0,4,4,0,0,61,
121,1.0,4,4,0,0,61,
122,1.0,4,4,0,0,62,
123,1.0,4,4,0,0,67,
124,1.0,4,4,0,0,69,
125,1.0,4,4,0,0,69,
126,1.0,4,4,0,0,69,
127,1.0,4,4,0,0,70,
128,0.6666666666666666,12,8,8,4,87,
129,0.6666666666666666,12,8,0,0,86,
130,0.6666666666666666,12,8,0,0,86,
131,0.6666666666666666,12,8,0,0,86,
132,0.6666666666666666,12,8,0,0,86,
133,0.6666666666666666,12,8,0,0,86,
134,0.6666666666666666,12,8,0,0,86,
135,0.6666666666666666,12,8,0,0,86,
136,0.6666666666666666,12,8,0,0,86,
137,0.6666666666666666,12,8,0,0,86,
138,0.6666666666666666,12,8,0,0,86,
139,0.6666666666666666,12,8,0,0,86,
140,0.6666666666666666,12,8,0,0,86,
141,0.6666666666666666,12,8,0,0,86,
142,0.6666666666666666,12,8,0,0,86,
143,0.6666666666666666,12,8,0,0,86,
144,0.6666666666666666,12,8,0,0,86,
145,0.6666666666666666,12,8,0,0,86,
146,0.7142857142857143,14,10,2,2,98,
147,0.7142857142857143,14,10,0,0,98,
148,0.7142857142857143,14,10,0,0,109,
149,0.7142857142857143,14,10,0,0,109,
150,0.7142857142857143,14,10,0,0,109,
151,0.7142857142857143,14,10,0,0,109,
152,0.7142857142857143,14,10,0,0,109,
153,0.7142857142857143,14,10,0,0,109,
154,0.7142857142857143,14,10,0,0,109,
155,0.7142857142857143,14,10,0,0,109,
156,0.7142857142857143,14,10,0,0,114,
157,0.7142857142857143,14,10,0,0,114,
158,0.7142857142857143,14,10,0,0,114,
159,0.7142857142857143,14,10,0,0,114,
160,0.7142857142857143,14,10,0,0,114,
161,0.7142857142857143,14,10,0,0,114,
162,0.7142857142857143,14,10,0,0,116,
163,0.7142857142857143,14,10,0,0,115,
164,0.7142857142857143,14,10,0,0,115,
165,0.7142857142857143,14,10,0,0,116,
166,0.7142857142857143,14,10,0,0,116,
167,0.6666666666666666,21,14,7,4,123,
168,0.6666666666666666,21,14,0,0,123,
169,0.6666666666666666,21,14,0,0,123,
170,0.6666666666666666,21,14,0,0,123,
171,0.6666666666666666,21,14,0,0,123,
172,0.6666666666666666,21,14,0,0,123,
173,0.6666666666666666,21,14,0,0,123,
174,0.6666666666666666,21,14,0,0,123,
175,0.6666666666666666,21,14,0,0,124,
176,0.6666666666666666,21,14,0,0,116,
177,0.6666666666666666,21,14,0,0,114,
178,0.6666666666666666,21,14,0,0,114,
179,0.6666666666666666,21,14,0,0,116,
180,0.6666666666666666,21,14,0,0,116,
181,0.6666666666666666,21,14,0,0,116,
182,0.6666666666666666,21,14,0,0,116,
183,0.6666666666666666,21,14,0,0,116,
184,0.6666666666666666,21,14,0,0,116,
185,0.6666666666666666,21,14,0,0,116,
186,0.6666666666666666,21,14,0,0,116,
187,0.6666666666666666,21,14,0,0,119,
188,0.6666666666666666,21,14,0,0,119,
189,0.6666666666666666,21,14,0,0,126,
190,0.6666666666666666,21,14,0,0,126,
191,0.6666666666666666,21,14,0,0,126,
192,0.6666666666666666,21,14,0,0,126,
193,0.6666666666666666,21,14,0,0,130,
194,0.6666666666666666,21,14,0,0,128,
195,0.6666666666666666,21,14,0,0,128,
196,0.6666666666666666,21,14,0,0,127,
197,0.6818181818181818,22,15,1,1,127,
198,0.6956521739130435,23,16,1,1,127,
199,0.6956521739130435,23,16,0,0,127,
200,0.6956521739130435,23,16,0,0,130,
201,0.6956521739130435,23,16,0,0,131,
202,0.6956521739130435,23,16,0,0,131,
203,0.6956521739130435,23,16,0,0,131,
204,0.6956521739130435,23,16,0,0,131,
205,0.7083333333333334,24,17,1,1,134,
206,0.7083333333333334,24,17,0,0,134,
207,0.7083333333333334,24,17,0,0,134,
208,0.7083333333333334,24,17,0,0,134,
209,0.7083333333333334,24,17,0,0,139,
210,0.72,25,18,1,1,141,
211,0.72,25,18,0,0,144,
212,0.6875,32,22,7,4,152,
213,0.6875,32,22,0,0,153,
214,0.6875,32,22,0,0,154,
215,0.6875,32,22,0,0,155,
216,0.6875,32,22,0,0,155,
217,0.6875,32,22,0,0,155,
218,0.6875,32,22,0,0,155,
219,0.6875,32,22,0,0,155,
220,0.6875,32,22,0,0,155,
221,0.6875,32,22,0,0,155,
222,0.6875,32,22,0,0,155,
223,0.6875,32,22,0,0,155,
224,0.6875,32,22,0,0,155,
225,0.6875,32,22,0,0,155,
226,0.6875,32,22,0,0,155,
227,0.6875,32,22,0,0,155,
228,0.6875,32,22,0,0,155,
229,0.6875,32,22,0,0,155,
230,0.6875,32,22,0,0,155,
231,0.6875,32,22,0,0,155,
232,0.6875,32,22,0,0,155,
233,0.6875,32,22,0,0,155,
234,0.6875,32,22,0,0,155,
235,0.6875,32,22,0,0,155,
236,0.6875,32,22,0,0,155,
237,0.6875,32,22,0,0,155,
238,0.696969696969697,33,23,1,1,156,
239,0.7142857142857143,35,25,2,2,158,
240,0.7142857142857143,35,25,0,0,159,
241,0.7142857142857143,35,25,0,0,159,
242,0.7142857142857143,35,25,0,0,159,
243,0.7142857142857143,35,25,0,0,159,
244,0.7142857142857143,35,25,0,0,159,
245,0.7142857142857143,35,25,0,0,159,
246,0.7142857142857143,35,25,0,0,159,
247,0.7142857142857143,35,25,0,0,159,
248,0.7142857142857143,35,25,0,0,157,
249,0.7142857142857143,35,25,0,0,157,
250,0.7142857142857143,35,25,0,0,157,
251,0.7142857142857143,35,25,0,0,157,
252,0.7142857142857143,35,25,0,0,157,
253,0.7142857142857143,35,25,0,0,157,
254,0.7142857142857143,35,25,0,0,157,
255,0.7142857142857143,35,25,0,0,157,
256,0.7142857142857143,35,25,0,0,157,
257,0.7142857142857143,35,25,0,0,157,
258,0.7142857142857143,35,25,0,0,157,
259,0.7142857142857143,35,25,0,0,157,
260,0.7142857142857143,35,25,0,0,157,
261,0.7142857142857143,35,25,0,0,157,
262,0.7222222222222222,36,26,1,1,157,
263,0.7222222222222222,36,26,0,0,157,
264,0.7222222222222222,36,26,0,0,157,
265,0.7222222222222222,36,26,0,0,157,
266,0.7222222222222222,36,26,0,0,157,
267,0.7222222222222222,36,26,0,0,160,
268,0.7222222222222222,36,26,0,0,160,
269,0.7222222222222222,36,26,0,0,160,
270,0.7222222222222222,36,26,0,0,160,
271,0.7222222222222222,36,26,0,0,160,
272,0.7222222222222222,36,26,0,0,160,
273,0.7368421052631579,38,28,2,2,166,
274,0.7777777777777778,45,35,7,7,173,
275,0.7777777777777778,45,35,0,0,178,
276,0.7777777777777778,45,35,0,0,180,
277,0.7777777777777778,45,35,0,0,180,
278,0.7777777777777778,45,35,0,0,181,
279,0.7777777777777778,45,35,0,0,182,
280,0.7777777777777778,45,35,0,0,182,
281,0.7777777777777778,45,35,0,0,182,
282,0.7777777777777778,45,35,0,0,182,
283,0.7777777777777778,45,35,0,0,182,
284,0.7777777777777778,45,35,0,0,182,
285,0.7777777777777778,45,35,0,0,182,
286,0.7777777777777778,45,35,0,0,182,
287,0.7777777777777778,45,35,0,0,182,
288,0.7777777777777778,45,35,0,0,182,
289,0.7777777777777778,45,35,0,0,182,
290,0.7777777777777778,45,35,0,0,182,
291,0.7777777777777778,45,35,0,0,182,
292,0.7777777777777778,45,35,0,0,182,
293,0.7777777777777778,45,35,0,0,182,
294,0.7777777777777778,45,35,0,0,182,
295,0.782608695652174,46,36,1,1,184,
296,0.782608695652174,46,36,0,0,186,
297,0.782608695652174,46,36,0,0,186,
298,0.782608695652174,46,36,0,0,186,
299,0.782608695652174,46,36,0,0,186,
300,0.782608695652174,46,36,0,0,186,
301,0.782608695652174,46,36,0,0,186,
302,0.7916666666666666,48,38,2,2,191,
303,0.7916666666666666,48,38,0,0,194,
304,0.7916666666666666,48,38,0,0,194,
305,0.7916666666666666,48,38,0,0,194,
306,0.7916666666666666,48,38,0,0,194,
307,0.7916666666666666,48,38,0,0,198,
308,0.7916666666666666,48,38,0,0,198,
309,0.7916666666666666,48,38,0,0,198,
310,0.7916666666666666,48,38,0,0,198,
311,0.7916666666666666,48,38,0,0,198,
312,0.7916666666666666,48,38,0,0,198,
313,0.7916666666666666,48,38,0,0,198,
314,0.7916666666666666,48,38,0,0,198,
315,0.7916666666666666,48,38,0,0,198,
316,0.7916666666666666,48,38,0,0,199,
317,0.7916666666666666,48,38,0,0,199,
318,0.7916666666666666,48,38,0,0,199,
319,0.7916666666666666,48,38,0,0,199,
320,0.7916666666666666,48,38,0,0,199,
321,0.7916666666666666,48,38,0,0,200,
322,0.7916666666666666,48,38,0,0,200,
323,0.7916666666666666,48,38,0,0,200,
324,0.7916666666666666,48,38,0,0,200,
325,0.7916666666666666,48,38,0,0,203,
326,0.7916666666666666,48,38,0,0,203,
327,0.7916666666666666,48,38,0,0,203,
328,0.7916666666666666,48,38,0,0,203,
329,0.7916666666666666,48,38,0,0,206,
330,0.7916666666666666,48,38,0,0,208,
331,0.7916666666666666,48,38,0,0,208,
332,0.7916666666666666,48,38,0,0,208,
333,0.7916666666666666,48,38,0,0,208,
334,0.7543859649122807,57,43,9,5,225,
335,0.7543859649122807,57,43,0,0,225,
336,0.7543859649122807,57,43,0,0,224,
337,0.7543859649122807,57,43,0,0,224,
338,0.7543859649122807,57,43,0,0,224,
339,0.7543859649122807,57,43,0,0,224,
340,0.7543859649122807,57,43,0,0,224,
341,0.7543859649122807,57,43,0,0,224,
342,0.7543859649122807,57,43,0,0,223,
343,0.7543859649122807,57,43,0,0,223,
344,0.7543859649122807,57,43,0,0,223,
345,0.7543859649122807,57,43,0,0,223,
346,0.7543859649122807,57,43,0,0,223,
347,0.7543859649122807,57,43,0,0,223,
348,0.7627118644067796,59,45,2,2,225,
349,0.7627118644067796,59,45,0,0,225,
350,0.7627118644067796,59,45,0,0,225,
351,0.7627118644067796,59,45,0,0,225,
352,0.7627118644067796,59,45,0,0,225,
353,0.7627118644067796,59,45,0,0,225,
354,0.7627118644067796,59,45,0,0,225,
355,0.7627118644067796,59,45,0,0,225,
356,0.7627118644067796,59,45,0,0,225,
357,0.7627118644067796,59,45,0,0,225,
358,0.7627118644067796,59,45,0,0,225,
359,0.7627118644067796,59,45,0,0,225,
360,0.7627118644067796,59,45,0,0,225,
361,0.7627118644067796,59,45,0,0,225,
362,0.7627118644067796,59,45,0,0,225,
363,0.7627118644067796,59,45,0,0,225,
364,0.7627118644067796,59,45,0,0,225,
365,0.7627118644067796,59,45,0,0,225,
366,0.7627118644067796,59,45,0,0,225,
367,0.7627118644067796,59,45,0,0,225,
368,0.7627118644067796,59,45,0,0,225,
369,0.7627118644067796,59,45,0,0,225,
370,0.7627118644067796,59,45,0,0,225,
371,0.7627118644067796,59,45,0,0,225,
372,0.7627118644067796,59,45,0,0,225,
373,0.7627118644067796,59,45,0,0,225,
374,0.7627118644067796,59,45,0,0,225,
375,0.7627118644067796,59,45,0,0,225,
376,0.7627118644067796,59,45,0,0,227,
377,0.7627118644067796,59,45,0,0,230,
378,0.7627118644067796,59,45,0,0,230,
379,0.7627118644067796,59,45,0,0,230,
380,0.7627118644067796,59,45,0,0,230,
381,0.7627118644067796,59,45,0,0,234,
382,0.7627118644067796,59,45,0,0,234,
383,0.7627118644067796,59,45,0,0,234,
384,0.7627118644067796,59,45,0,0,234,
385,0.7627118644067796,59,45,0,0,234,
386,0.7627118644067796,59,45,0,0,234,
387,0.7627118644067796,59,45,0,0,234,
388,0.7627118644067796,59,45,0,0,234,
389,0.7627118644067796,59,45,0,0,234,
390,0.7627118644067796,59,45,0,0,234,
391,0.7627118644067796,59,45,0,0,234,
392,0.7627118644067796,59,45,0,0,234,
393,0.7627118644067796,59,45,0,0,235,
394,0.7627118644067796,59,45,0,0,235,
395,0.7627118644067796,59,45,0,0,235,
396,0.7627118644067796,59,45,0,0,235,
397,0.7627118644067796,59,45,0,0,235,
398,0.7627118644067796,59,45,0,0,235,
399,0.7627118644067796,59,45,0,0,235,
400,0.7627118644067796,59,45,0,0,235,
401,0.7627118644067796,59,45,0,0,235,
402,0.7666666666666667,60,46,1,1,236,
403,0.7666666666666667,60,46,0,0,236,
404,0.7666666666666667,60,46,0,0,236,
405,0.7666666666666667,60,46,0,0,236,
406,0.7666666666666667,60,46,0,0,236,
407,0.7666666666666667,60,46,0,0,236,
408,0.7666666666666667,60,46,0,0,236,
409,0.7666666666666667,60,46,0,0,236,
410,0.7666666666666667,60,46,0,0,236,
411,0.7666666666666667,60,46,0,0,237,
412,0.7666666666666667,60,46,0,0,239,
413,0.7666666666666667,60,46,0,0,240,
414,0.7666666666666667,60,46,0,0,240,
415,0.7666666666666667,60,46,0,0,241,
416,0.7666666666666667,60,46,0,0,241,
417,0.7666666666666667,60,46,0,0,241,
418,0.7666666666666667,60,46,0,0,243,
419,0.7666666666666667,60,46,0,0,244,
420,0.7666666666666667,60,46,0,0,246,
421,0.7666666666666667,60,46,0,0,248,
422,0.7666666666666667,60,46,0,0,250,
423,0.7666666666666667,60,46,0,0,252,
424,0.7704918032786885,61,47,1,1,252,
425,0.7741935483870968,62,48,1,1,252,
426,0.7777777777777778,63,49,1,1,252,
427,0.7878787878787878,66,52,3,3,252,
428,0.8133333333333334,75,61,9,9,252,
429,0.8133333333333334,75,61,0,0,252,
430,0.8133333333333334,75,61,0,0,251,
431,0.8133333333333334,75,61,0,0,251,
432,0.8133333333333334,75,61,0,0,251,
433,0.8157894736842105,76,62,1,1,252,
434,0.8181818181818182,77,63,1,1,255,
435,0.8205128205128205,78,64,1,1,256,
436,0.8205128205128205,78,64,0,0,256,
437,0.8205128205128205,78,64,0,0,256,
438,0.8125,80,65,2,1,258,
439,0.8148148148148148,81,66,1,1,259,
440,0.8148148148148148,81,66,0,0,260,
441,0.8148148148148148,81,66,0,0,260,
442,0.8170731707317073,82,67,1,1,262,
443,0.8192771084337349,83,68,1,1,263,
444,0.8235294117647058,85,70,2,2,265,
445,0.8255813953488372,86,71,1,1,266,
446,0.8255813953488372,86,71,0,0,266,
447,0.8255813953488372,86,71,0,0,267,
448,0.8275862068965517,87,72,1,1,269,
449,0.8333333333333334,90,75,3,3,273,
450,0.8351648351648352,91,76,1,1,276,
451,0.8387096774193549,93,78,2,2,278,
452,0.8404255319148937,94,79,1,1,279,
453,0.8421052631578947,95,80,1,1,280,
454,0.8247422680412371,97,80,2,0,282,
455,0.8181818181818182,99,81,2,1,288,
456,0.82,100,82,1,1,289,
457,0.8118811881188119,101,82,1,0,291,
458,0.8137254901960784,102,83,1,1,292,
459,0.8173076923076923,104,85,2,2,294,
460,0.822429906542056,107,88,3,3,297,
461,0.8181818181818182,110,90,3,2,298,
462,0.8181818181818182,110,90,0,0,298,
463,0.8181818181818182,110,90,0,0,298,
464,0.8230088495575221,113,93,3,3,306,
465,0.8157894736842105,114,93,1,0,306,
466,0.8017241379310345,116,93,2,0,308,
467,0.8017241379310345,116,93,0,0,309,
468,0.8017241379310345,116,93,0,0,310,
469,0.8034188034188035,117,94,1,1,313,
470,0.8050847457627118,118,95,1,1,315,
471,0.8,120,96,2,1,319,
472,0.8016528925619835,121,97,1,1,321,
473,0.7967479674796748,123,98,2,1,323,
474,0.784,125,98,2,0,325,
475,0.7692307692307693,130,100,5,2,333,
476,0.7669172932330827,133,102,3,2,336,
477,0.7769784172661871,139,108,6,6,342,
478,0.7762237762237763,143,111,4,3,346,
479,0.7777777777777778,144,112,1,1,346,
480,0.7777777777777778,144,112,0,0,345,
481,0.7777777777777778,144,112,0,0,345,
482,0.7777777777777778,144,112,0,0,345,
483,0.7777777777777778,144,112,0,0,345,
484,0.7777777777777778,144,112,0,0,345,
485,0.7777777777777778,144,112,0,0,345,
486,0.7777777777777778,144,112,0,0,345,
487,0.7777777777777778,144,112,0,0,345,
488,0.7793103448275862,145,113,1,1,347,
489,0.7793103448275862,145,113,0,0,347,
490,0.7793103448275862,145,113,0,0,347,
491,0.7793103448275862,145,113,0,0,347,
492,0.7793103448275862,145,113,0,0,347,
493,0.7516339869281046,153,115,8,2,347,
494,0.7516339869281046,153,115,0,0,347,
495,0.7516339869281046,153,115,0,0,347,
496,0.7516339869281046,153,115,0,0,347,
497,0.7579617834394905,157,119,4,4,353,
498,0.7469135802469136,162,121,5,2,354,
499,0.7469135802469136,162,121,0,0,354,
500,0.7469135802469136,162,121,0,0,354,
501,0.7469135802469136,162,121,0,0,354,
502,0.7469135802469136,162,121,0,0,354,
503,0.7469135802469136,162,121,0,0,354,
504,0.7469135802469136,162,121,0,0,354,
505,0.7469135802469136,162,121,0,0,354,
506,0.7469135802469136,162,121,0,0,354,
507,0.7469135802469136,162,121,0,0,354,
508,0.7439024390243902,164,122,2,1,354,
509,0.7383720930232558,172,127,8,5,356,
510,0.7398843930635838,173,128,1,1,356,
511,0.7428571428571429,175,130,2,2,358,
512,0.7428571428571429,175,130,0,0,359,
513,0.7428571428571429,175,130,0,0,360,
514,0.7428571428571429,175,130,0,0,360,
515,0.7428571428571429,175,130,0,0,360,
516,0.7428571428571429,175,130,0,0,365,
517,0.7428571428571429,175,130,0,0,366,
518,0.7428571428571429,175,130,0,0,366,
519,0.7443181818181818,176,131,1,1,366,
520,0.7443181818181818,176,131,0,0,367,
521,0.7457627118644068,177,132,1,1,367,
522,0.7486033519553073,179,134,2,2,370,
523,0.7379679144385026,187,138,8,4,371,
524,0.7354497354497355,189,139,2,1,371,
525,0.7193877551020408,196,141,7,2,372,
526,0.7193877551020408,196,141,0,0,372,
527,0.7193877551020408,196,141,0,0,372,
528,0.7193877551020408,196,141,0,0,374,
529,0.714975845410628,207,148,11,7,378,
530,0.714975845410628,207,148,0,0,381,
531,0.7163461538461539,208,149,1,1,382,
532,0.7163461538461539,208,149,0,0,382,
533,0.7163461538461539,208,149,0,0,381,
534,0.7163461538461539,208,149,0,0,381,
535,0.7163461538461539,208,149,0,0,382,
536,0.7163461538461539,208,149,0,0,379,
537,0.7203791469194313,211,152,3,3,378,
538,0.7183098591549296,213,153,2,1,379,
539,0.7183098591549296,213,153,0,0,380,
540,0.7183098591549296,213,153,0,0,380,
541,0.7183098591549296,213,153,0,0,379,
542,0.7183098591549296,213,153,0,0,379,
543,0.7104072398190046,221,157,8,4,379,
544,0.7104072398190046,221,157,0,0,381,
545,0.7104072398190046,221,157,0,0,382,
546,0.7104072398190046,221,157,0,0,382,
547,0.7104072398190046,221,157,0,0,382,
548,0.7104072398190046,221,157,0,0,382,
549,0.7117117117117117,222,158,1,1,389,
550,0.7117117117117117,222,158,0,0,389,
551,0.7117117117117117,222,158,0,0,389,
552,0.7117117117117117,222,158,0,0,389,
553,0.7117117117117117,222,158,0,0,405,
554,0.7117117117117117,222,158,0,0,405,
555,0.7079646017699115,226,160,4,2,403,
556,0.7130434782608696,230,164,4,4,414,
557,0.7076271186440678,236,167,6,3,418,
558,0.7076271186440678,236,167,0,0,424,
559,0.7024793388429752,242,170,6,3,426,
560,0.7024793388429752,242,170,0,0,426,
561,0.7024793388429752,242,170,0,0,426,
562,0.7024793388429752,242,170,0,0,426,
563,0.7024793388429752,242,170,0,0,425,
564,0.7024793388429752,242,170,0,0,425,
565,0.7024793388429752,242,170,0,0,425,
566,0.7024793388429752,242,170,0,0,425,
567,0.7024793388429752,242,170,0,0,425,
568,0.7024793388429752,242,170,0,0,425,
569,0.6979591836734694,245,171,3,1,425,
570,0.6979591836734694,245,171,0,0,425,
571,0.6923076923076923,247,171,2,0,425,
572,0.6923076923076923,247,171,0,0,425,
573,0.6892430278884463,251,173,4,2,425,
574,0.6823529411764706,255,174,4,1,425,
575,0.6823529411764706,255,174,0,0,427,
576,0.6823529411764706,255,174,0,0,427,
577,0.6666666666666666,264,176,9,2,428,
578,0.6679245283018868,265,177,1,1,428,
579,0.6679245283018868,265,177,0,0,428,
580,0.6679245283018868,265,177,0,0,428,
581,0.6679245283018868,265,177,0,0,428,
582,0.6654135338345865,266,177,1,0,429,
583,0.6666666666666666,267,178,1,1,430,
584,0.6666666666666666,267,178,0,0,430,
585,0.667910447761194,268,179,1,1,432,
586,0.6691449814126395,269,180,1,1,433,
587,0.6666666666666666,276,184,7,4,440,
588,0.6666666666666666,276,184,0,0,440,
589,0.6642599277978339,277,184,1,0,441,
590,0.6642599277978339,277,184,0,0,441,
591,0.6618705035971223,278,184,1,0,442,
592,0.6607142857142857,280,185,2,1,442,
593,0.6595744680851063,282,186,2,1,442,
594,0.6549295774647887,284,186,2,0,442,
595,0.6549295774647887,284,186,0,0,442,
596,0.6484641638225256,293,190,9,4,443,
597,0.6474576271186441,295,191,2,1,443,
598,0.6378737541528239,301,192,6,1,443,
599,0.6378737541528239,301,192,0,0,443,
600,0.6336633663366337,303,192,2,0,443,
601,0.627831715210356,309,194,6,2,442,
602,0.627831715210356,309,194,0,0,442,
603,0.627831715210356,309,194,0,0,442,
604,0.627831715210356,309,194,0,0,442,
605,0.627831715210356,309,194,0,0,442,
606,0.6242038216560509,314,196,5,2,445,
607,0.6242038216560509,314,196,0,0,445,
608,0.6242038216560509,314,196,0,0,445,
609,0.6242038216560509,314,196,0,0,445,
610,0.6242038216560509,314,196,0,0,445,
611,0.6242038216560509,314,196,0,0,445,
612,0.6242038216560509,314,196,0,0,445,
613,0.6242038216560509,314,196,0,0,445,
614,0.6242038216560509,314,196,0,0,445,
615,0.6242038216560509,314,196,0,0,445,
616,0.6242038216560509,314,196,0,0,445,
617,0.6242038216560509,314,196,0,0,445,
618,0.6242038216560509,314,196,0,0,445,
619,0.6242038216560509,314,196,0,0,445,
620,0.6234177215189873,316,197,2,1,450,
621,0.6234177215189873,316,197,0,0,450,
622,0.6206896551724138,319,198,3,1,450,
623,0.616822429906542,321,198,2,0,450,
624,0.616822429906542,321,198,0,0,450,
625,0.6092307692307692,325,198,4,0,450,
626,0.6073619631901841,326,198,1,0,450,
627,0.6055045871559633,327,198,1,0,450,
