Revision,AggregateAccuracy,TotalPredictions,CorrectPredictions,TotalPredictionsPerRevision,CorrectPredictionsPreRevision,NumberOfWorkItems,

1301,NaN,0,0,0,0,766,
1302,NaN,0,0,0,0,765,
1303,NaN,0,0,0,0,766,
1304,NaN,0,0,0,0,766,
1305,NaN,0,0,0,0,767,
1306,NaN,0,0,0,0,766,
1307,NaN,0,0,0,0,766,
1308,NaN,0,0,0,0,766,
1309,NaN,0,0,0,0,766,
1310,NaN,0,0,0,0,766,
1311,NaN,0,0,0,0,766,
1312,NaN,0,0,0,0,766,
1313,1.0,1,1,1,1,766,
1314,1.0,1,1,0,0,766,
1315,1.0,1,1,0,0,766,
1316,1.0,1,1,0,0,766,
1317,1.0,1,1,0,0,767,
1318,1.0,1,1,0,0,767,
1319,1.0,1,1,0,0,767,
1320,1.0,1,1,0,0,767,
1321,1.0,1,1,0,0,767,
1322,1.0,1,1,0,0,769,
1323,1.0,1,1,0,0,769,
1324,1.0,1,1,0,0,770,
1325,1.0,1,1,0,0,771,
1326,1.0,1,1,0,0,771,
1327,1.0,1,1,0,0,771,
1328,1.0,1,1,0,0,771,
1329,1.0,1,1,0,0,771,
1330,1.0,1,1,0,0,771,
1331,1.0,1,1,0,0,770,
1332,1.0,1,1,0,0,770,
1333,1.0,1,1,0,0,770,
1334,0.8,5,4,4,3,771,
1335,0.8,5,4,0,0,771,
1336,0.8571428571428571,7,6,2,2,773,
1337,0.8571428571428571,7,6,0,0,773,
1338,0.8571428571428571,7,6,0,0,773,
1339,0.8571428571428571,7,6,0,0,773,
1340,0.8571428571428571,7,6,0,0,773,
1341,0.8571428571428571,7,6,0,0,773,
1342,0.8571428571428571,7,6,0,0,773,
1343,0.8571428571428571,7,6,0,0,773,
1344,0.8571428571428571,7,6,0,0,773,
1345,0.8571428571428571,7,6,0,0,773,
1346,0.875,8,7,1,1,774,
1347,0.875,8,7,0,0,776,
1348,0.875,8,7,0,0,776,
1349,0.875,8,7,0,0,776,
1350,0.875,8,7,0,0,776,
1351,0.875,8,7,0,0,779,
1352,0.8,10,8,2,1,782,
1353,0.8,10,8,0,0,782,
1354,0.8,10,8,0,0,783,
1355,0.8,10,8,0,0,784,
1356,0.8,10,8,0,0,785,
1357,0.8,10,8,0,0,785,
1358,0.8,10,8,0,0,785,
1359,0.8,10,8,0,0,785,
1360,0.8,10,8,0,0,785,
1361,0.8,10,8,0,0,785,
1362,0.8,10,8,0,0,786,
1363,0.8,10,8,0,0,786,
1364,0.8,10,8,0,0,786,
1365,0.8,10,8,0,0,787,
1366,0.8,10,8,0,0,794,
1367,0.8,10,8,0,0,795,
1368,0.8,10,8,0,0,796,
1369,0.8,10,8,0,0,798,
1370,0.8,10,8,0,0,798,
1371,0.8,10,8,0,0,799,
1372,0.75,12,9,2,1,799,
1373,0.75,12,9,0,0,799,
1374,0.75,12,9,0,0,799,
1375,0.7857142857142857,14,11,2,2,800,
1376,0.7857142857142857,14,11,0,0,800,
1377,0.7857142857142857,14,11,0,0,800,
1378,0.7857142857142857,14,11,0,0,800,
1379,0.7857142857142857,14,11,0,0,800,
1380,0.7647058823529411,17,13,3,2,803,
1381,0.7647058823529411,17,13,0,0,803,
1382,0.7647058823529411,17,13,0,0,803,
1383,0.7647058823529411,17,13,0,0,803,
1384,0.7647058823529411,17,13,0,0,804,
1385,0.7647058823529411,17,13,0,0,804,
1386,0.7619047619047619,21,16,4,3,804,
1387,0.7619047619047619,21,16,0,0,804,
1388,0.7619047619047619,21,16,0,0,804,
1389,0.7619047619047619,21,16,0,0,804,
1390,0.7619047619047619,21,16,0,0,804,
1391,0.7619047619047619,21,16,0,0,804,
1392,0.7619047619047619,21,16,0,0,804,
1393,0.7619047619047619,21,16,0,0,804,
1394,0.7619047619047619,21,16,0,0,804,
1395,0.7619047619047619,21,16,0,0,804,
1396,0.7619047619047619,21,16,0,0,803,
1397,0.7619047619047619,21,16,0,0,803,
1398,0.7619047619047619,21,16,0,0,803,
1399,0.7619047619047619,21,16,0,0,803,
1400,0.7619047619047619,21,16,0,0,804,
1401,0.7727272727272727,22,17,1,1,805,
1402,0.7727272727272727,22,17,0,0,805,
1403,0.7727272727272727,22,17,0,0,805,
1404,0.7727272727272727,22,17,0,0,805,
1405,0.7727272727272727,22,17,0,0,805,
1406,0.7727272727272727,22,17,0,0,805,
1407,0.7727272727272727,22,17,0,0,805,
1408,0.7727272727272727,22,17,0,0,805,
1409,0.7727272727272727,22,17,0,0,805,
1410,0.7727272727272727,22,17,0,0,805,
1411,0.7727272727272727,22,17,0,0,805,
1412,0.7727272727272727,22,17,0,0,805,
1413,0.7727272727272727,22,17,0,0,805,
1414,0.7727272727272727,22,17,0,0,805,
1415,0.7727272727272727,22,17,0,0,806,
1416,0.7727272727272727,22,17,0,0,806,
1417,0.7727272727272727,22,17,0,0,806,
1418,0.7727272727272727,22,17,0,0,806,
1419,0.7727272727272727,22,17,0,0,806,
1420,0.7727272727272727,22,17,0,0,806,
1421,0.7727272727272727,22,17,0,0,806,
1422,0.7727272727272727,22,17,0,0,806,
1423,0.7727272727272727,22,17,0,0,806,
1424,0.7727272727272727,22,17,0,0,806,
1425,0.7727272727272727,22,17,0,0,806,
1426,0.7727272727272727,22,17,0,0,806,
1427,0.7727272727272727,22,17,0,0,806,
1428,0.7727272727272727,22,17,0,0,808,
1429,0.7727272727272727,22,17,0,0,808,
1430,0.7727272727272727,22,17,0,0,809,
1431,0.7727272727272727,22,17,0,0,810,
1432,0.7727272727272727,22,17,0,0,811,
1433,0.7727272727272727,22,17,0,0,812,
1434,0.7727272727272727,22,17,0,0,813,
1435,0.7727272727272727,22,17,0,0,814,
1436,0.7727272727272727,22,17,0,0,814,
1437,0.7727272727272727,22,17,0,0,815,
1438,0.7727272727272727,22,17,0,0,817,
1439,0.7727272727272727,22,17,0,0,818,
1440,0.7727272727272727,22,17,0,0,818,
1441,0.7727272727272727,22,17,0,0,818,
1442,0.7727272727272727,22,17,0,0,819,
1443,0.7727272727272727,22,17,0,0,819,
1444,0.7727272727272727,22,17,0,0,819,
1445,0.7727272727272727,22,17,0,0,819,
1446,0.7727272727272727,22,17,0,0,819,
1447,0.7727272727272727,22,17,0,0,819,
1448,0.7727272727272727,22,17,0,0,819,
1449,0.7727272727272727,22,17,0,0,819,
1450,0.7727272727272727,22,17,0,0,820,
1451,0.7727272727272727,22,17,0,0,820,
1452,0.7727272727272727,22,17,0,0,820,
1453,0.782608695652174,23,18,1,1,821,
1454,0.782608695652174,23,18,0,0,821,
1455,0.782608695652174,23,18,0,0,822,
1456,0.782608695652174,23,18,0,0,822,
1457,0.782608695652174,23,18,0,0,822,
1458,0.782608695652174,23,18,0,0,822,
1459,0.782608695652174,23,18,0,0,822,
1460,0.782608695652174,23,18,0,0,822,
1461,0.782608695652174,23,18,0,0,822,
1462,0.782608695652174,23,18,0,0,822,
1463,0.782608695652174,23,18,0,0,822,
1464,0.782608695652174,23,18,0,0,822,
1465,0.782608695652174,23,18,0,0,822,
1466,0.782608695652174,23,18,0,0,822,
1467,0.782608695652174,23,18,0,0,822,
1468,0.782608695652174,23,18,0,0,822,
1469,0.782608695652174,23,18,0,0,822,
1470,0.782608695652174,23,18,0,0,822,
1471,0.782608695652174,23,18,0,0,822,
1472,0.782608695652174,23,18,0,0,822,
1473,0.7916666666666666,24,19,1,1,823,
1474,0.7916666666666666,24,19,0,0,823,
1475,0.7916666666666666,24,19,0,0,823,
1476,0.7916666666666666,24,19,0,0,823,
1477,0.7916666666666666,24,19,0,0,823,
1478,0.7916666666666666,24,19,0,0,823,
1479,0.7916666666666666,24,19,0,0,823,
1480,0.7916666666666666,24,19,0,0,823,
1481,0.7916666666666666,24,19,0,0,824,
1482,0.7916666666666666,24,19,0,0,824,
1483,0.7916666666666666,24,19,0,0,824,
1484,0.7916666666666666,24,19,0,0,825,
1485,0.7916666666666666,24,19,0,0,825,
1486,0.7916666666666666,24,19,0,0,825,
1487,0.7916666666666666,24,19,0,0,825,
1488,0.7916666666666666,24,19,0,0,826,
1489,0.7916666666666666,24,19,0,0,826,
1490,0.7916666666666666,24,19,0,0,826,
1491,0.7916666666666666,24,19,0,0,826,
1492,0.7916666666666666,24,19,0,0,826,
1493,0.7916666666666666,24,19,0,0,826,
1494,0.7916666666666666,24,19,0,0,826,
1495,0.7916666666666666,24,19,0,0,826,
1496,0.7916666666666666,24,19,0,0,825,
1497,0.7916666666666666,24,19,0,0,825,
1498,0.7916666666666666,24,19,0,0,825,
1499,0.7916666666666666,24,19,0,0,825,
1500,0.7916666666666666,24,19,0,0,825,
1501,0.7916666666666666,24,19,0,0,825,
1502,0.7916666666666666,24,19,0,0,825,
1503,0.7916666666666666,24,19,0,0,825,
1504,0.7916666666666666,24,19,0,0,825,
1505,0.7916666666666666,24,19,0,0,825,
1506,0.7916666666666666,24,19,0,0,825,
1507,0.7916666666666666,24,19,0,0,825,
1508,0.7916666666666666,24,19,0,0,825,
1509,0.7916666666666666,24,19,0,0,826,
1510,0.7916666666666666,24,19,0,0,826,
1511,0.7916666666666666,24,19,0,0,826,
1512,0.7916666666666666,24,19,0,0,827,
1513,0.7916666666666666,24,19,0,0,827,
1514,0.7916666666666666,24,19,0,0,824,
1515,0.7916666666666666,24,19,0,0,824,
1516,0.7916666666666666,24,19,0,0,818,
1517,0.7916666666666666,24,19,0,0,818,
1518,0.7916666666666666,24,19,0,0,819,
1519,0.7916666666666666,24,19,0,0,819,
1520,0.7916666666666666,24,19,0,0,820,
1521,0.7916666666666666,24,19,0,0,820,
1522,0.7916666666666666,24,19,0,0,820,
1523,0.7916666666666666,24,19,0,0,820,
1524,0.7916666666666666,24,19,0,0,820,
1525,0.7916666666666666,24,19,0,0,820,
1526,0.7916666666666666,24,19,0,0,820,
1527,0.7916666666666666,24,19,0,0,820,
1528,0.7916666666666666,24,19,0,0,820,
1529,0.7916666666666666,24,19,0,0,820,
1530,0.7916666666666666,24,19,0,0,820,
1531,0.7916666666666666,24,19,0,0,820,
1532,0.7916666666666666,24,19,0,0,820,
1533,0.7916666666666666,24,19,0,0,820,
1534,0.7916666666666666,24,19,0,0,820,
1535,0.76,25,19,1,0,821,
1536,0.76,25,19,0,0,822,
1537,0.76,25,19,0,0,823,
1538,0.76,25,19,0,0,824,
1539,0.7692307692307693,26,20,1,1,825,
1540,0.7692307692307693,26,20,0,0,826,
1541,0.7692307692307693,26,20,0,0,829,
1542,0.7692307692307693,26,20,0,0,829,
1543,0.7692307692307693,26,20,0,0,829,
1544,0.7692307692307693,26,20,0,0,829,
1545,0.7692307692307693,26,20,0,0,829,
1546,0.7692307692307693,26,20,0,0,829,
1547,0.7692307692307693,26,20,0,0,829,
1548,0.7692307692307693,26,20,0,0,830,
1549,0.7692307692307693,26,20,0,0,830,
1550,0.7692307692307693,26,20,0,0,830,
1551,0.7692307692307693,26,20,0,0,830,
1552,0.7692307692307693,26,20,0,0,830,
1553,0.7692307692307693,26,20,0,0,830,
1554,0.7692307692307693,26,20,0,0,830,
1555,0.7692307692307693,26,20,0,0,830,
1556,0.7692307692307693,26,20,0,0,830,
1557,0.7692307692307693,26,20,0,0,830,
1558,0.7692307692307693,26,20,0,0,830,
1559,0.7692307692307693,26,20,0,0,830,
1560,0.7692307692307693,26,20,0,0,829,
1561,0.7692307692307693,26,20,0,0,829,
1562,0.7692307692307693,26,20,0,0,829,
1563,0.7692307692307693,26,20,0,0,830,
1564,0.7692307692307693,26,20,0,0,830,
1565,0.7692307692307693,26,20,0,0,830,
1566,0.7692307692307693,26,20,0,0,832,
1567,0.7692307692307693,26,20,0,0,832,
1568,0.7692307692307693,26,20,0,0,834,
1569,0.7692307692307693,26,20,0,0,834,
1570,0.7692307692307693,26,20,0,0,834,
1571,0.7692307692307693,26,20,0,0,834,
1572,0.7692307692307693,26,20,0,0,835,
1573,0.7692307692307693,26,20,0,0,835,
1574,0.7692307692307693,26,20,0,0,835,
1575,0.7692307692307693,26,20,0,0,835,
1576,0.7692307692307693,26,20,0,0,834,
1577,0.7692307692307693,26,20,0,0,833,
1578,0.7692307692307693,26,20,0,0,833,
1579,0.7692307692307693,26,20,0,0,833,
1580,0.7692307692307693,26,20,0,0,833,
1581,0.7692307692307693,26,20,0,0,833,
1582,0.7692307692307693,26,20,0,0,833,
1583,0.7692307692307693,26,20,0,0,833,
1584,0.7692307692307693,26,20,0,0,833,
1585,0.7692307692307693,26,20,0,0,833,
1586,0.7692307692307693,26,20,0,0,833,
1587,0.7692307692307693,26,20,0,0,834,
1588,0.7692307692307693,26,20,0,0,834,
1589,0.7692307692307693,26,20,0,0,834,
1590,0.7692307692307693,26,20,0,0,834,
1591,0.7692307692307693,26,20,0,0,834,
1592,0.7692307692307693,26,20,0,0,834,
1593,0.7692307692307693,26,20,0,0,834,
1594,0.7692307692307693,26,20,0,0,834,
1595,0.7692307692307693,26,20,0,0,834,
1596,0.7692307692307693,26,20,0,0,835,
1597,0.7692307692307693,26,20,0,0,835,
1598,0.7692307692307693,26,20,0,0,835,
1599,0.7692307692307693,26,20,0,0,835,
1600,0.7692307692307693,26,20,0,0,835,
1601,0.7692307692307693,26,20,0,0,835,
1602,0.7692307692307693,26,20,0,0,835,
1603,0.7692307692307693,26,20,0,0,835,
1604,0.7692307692307693,26,20,0,0,835,
1605,0.7692307692307693,26,20,0,0,835,
1606,0.7692307692307693,26,20,0,0,835,
1607,0.7692307692307693,26,20,0,0,835,
1608,0.7692307692307693,26,20,0,0,835,
1609,0.7692307692307693,26,20,0,0,835,
1610,0.7692307692307693,26,20,0,0,835,
1611,0.7692307692307693,26,20,0,0,835,
1612,0.7692307692307693,26,20,0,0,835,
1613,0.7692307692307693,26,20,0,0,835,
1614,0.7692307692307693,26,20,0,0,835,
1615,0.7857142857142857,28,22,2,2,835,
1616,0.7857142857142857,28,22,0,0,835,
1617,0.7857142857142857,28,22,0,0,835,
1618,0.8181818181818182,33,27,5,5,835,
1619,0.8181818181818182,33,27,0,0,835,
1620,0.8235294117647058,34,28,1,1,835,
1621,0.8055555555555556,36,29,2,1,835,
1622,0.8055555555555556,36,29,0,0,835,
1623,0.8055555555555556,36,29,0,0,835,
1624,0.8055555555555556,36,29,0,0,835,
1625,0.8055555555555556,36,29,0,0,835,
1626,0.8055555555555556,36,29,0,0,836,
1627,0.8055555555555556,36,29,0,0,836,
1628,0.8055555555555556,36,29,0,0,837,
1629,0.8055555555555556,36,29,0,0,836,
1630,0.8055555555555556,36,29,0,0,836,
1631,0.8055555555555556,36,29,0,0,835,
1632,0.8055555555555556,36,29,0,0,835,
1633,0.8055555555555556,36,29,0,0,835,
1634,0.8055555555555556,36,29,0,0,835,
1635,0.8055555555555556,36,29,0,0,836,
1636,0.8055555555555556,36,29,0,0,836,
1637,0.8055555555555556,36,29,0,0,836,
1638,0.8055555555555556,36,29,0,0,836,
1639,0.8055555555555556,36,29,0,0,824,
1640,0.7894736842105263,38,30,2,1,825,
1641,0.7948717948717948,39,31,1,1,825,
1642,0.7948717948717948,39,31,0,0,825,
1643,0.7948717948717948,39,31,0,0,825,
1644,0.7948717948717948,39,31,0,0,825,
1645,0.7948717948717948,39,31,0,0,825,
1646,0.7948717948717948,39,31,0,0,825,
1647,0.7948717948717948,39,31,0,0,825,
1648,0.7948717948717948,39,31,0,0,826,
1649,0.7948717948717948,39,31,0,0,825,
1650,0.7948717948717948,39,31,0,0,825,
1651,0.7948717948717948,39,31,0,0,825,
1652,0.7948717948717948,39,31,0,0,825,
1653,0.7948717948717948,39,31,0,0,826,
1654,0.7948717948717948,39,31,0,0,827,
1655,0.7948717948717948,39,31,0,0,826,
1656,0.7948717948717948,39,31,0,0,826,
1657,0.7948717948717948,39,31,0,0,826,
1658,0.7948717948717948,39,31,0,0,826,
1659,0.7948717948717948,39,31,0,0,826,
1660,0.7948717948717948,39,31,0,0,826,
1661,0.7948717948717948,39,31,0,0,827,
1662,0.7948717948717948,39,31,0,0,828,
1663,0.7948717948717948,39,31,0,0,828,
1664,0.7948717948717948,39,31,0,0,828,
1665,0.7948717948717948,39,31,0,0,828,
1666,0.7948717948717948,39,31,0,0,828,
1667,0.7948717948717948,39,31,0,0,828,
1668,0.7948717948717948,39,31,0,0,828,
1669,0.7948717948717948,39,31,0,0,828,
1670,0.8,40,32,1,1,828,
1671,0.8,40,32,0,0,829,
1672,0.8,40,32,0,0,829,
1673,0.8,40,32,0,0,829,
1674,0.8,40,32,0,0,829,
1675,0.8,40,32,0,0,829,
1676,0.8,40,32,0,0,829,
1677,0.8,40,32,0,0,828,
1678,0.8,40,32,0,0,827,
1679,0.8,40,32,0,0,827,
1680,0.8,40,32,0,0,827,
1681,0.8,40,32,0,0,827,
1682,0.8,40,32,0,0,827,
1683,0.7857142857142857,42,33,2,1,827,
1684,0.7857142857142857,42,33,0,0,828,
1685,0.7555555555555555,45,34,3,1,828,
1686,0.7555555555555555,45,34,0,0,828,
1687,0.7555555555555555,45,34,0,0,828,
1688,0.7608695652173914,46,35,1,1,830,
1689,0.7608695652173914,46,35,0,0,830,
1690,0.7608695652173914,46,35,0,0,830,
1691,0.7608695652173914,46,35,0,0,830,
1692,0.7608695652173914,46,35,0,0,830,
1693,0.7659574468085106,47,36,1,1,834,
1694,0.7659574468085106,47,36,0,0,835,
1695,0.7659574468085106,47,36,0,0,835,
1696,0.7659574468085106,47,36,0,0,835,
1697,0.7659574468085106,47,36,0,0,835,
1698,0.7659574468085106,47,36,0,0,835,
1699,0.7659574468085106,47,36,0,0,836,
1700,0.7659574468085106,47,36,0,0,832,
1701,0.7659574468085106,47,36,0,0,834,
1702,0.7659574468085106,47,36,0,0,836,
1703,0.7659574468085106,47,36,0,0,837,
1704,0.7659574468085106,47,36,0,0,837,
1705,0.7659574468085106,47,36,0,0,838,
1706,0.7659574468085106,47,36,0,0,838,
1707,0.7659574468085106,47,36,0,0,838,
1708,0.7659574468085106,47,36,0,0,838,
1709,0.7659574468085106,47,36,0,0,838,
1710,0.7659574468085106,47,36,0,0,841,
1711,0.7659574468085106,47,36,0,0,842,
1712,0.7659574468085106,47,36,0,0,842,
1713,0.7659574468085106,47,36,0,0,842,
1714,0.7659574468085106,47,36,0,0,843,
1715,0.7708333333333334,48,37,1,1,844,
1716,0.7708333333333334,48,37,0,0,845,
1717,0.7708333333333334,48,37,0,0,847,
1718,0.7708333333333334,48,37,0,0,849,
1719,0.7708333333333334,48,37,0,0,849,
1720,0.7843137254901961,51,40,3,3,851,
1721,0.7735849056603774,53,41,2,1,851,
1722,0.7735849056603774,53,41,0,0,851,
1723,0.7735849056603774,53,41,0,0,851,
1724,0.7735849056603774,53,41,0,0,851,
1725,0.7735849056603774,53,41,0,0,852,
1726,0.7735849056603774,53,41,0,0,853,
1727,0.7735849056603774,53,41,0,0,852,
1728,0.7735849056603774,53,41,0,0,852,
1729,0.7735849056603774,53,41,0,0,852,
1730,0.7735849056603774,53,41,0,0,852,
1731,0.7735849056603774,53,41,0,0,852,
1732,0.7735849056603774,53,41,0,0,852,
1733,0.7735849056603774,53,41,0,0,852,
1734,0.7735849056603774,53,41,0,0,852,
1735,0.7735849056603774,53,41,0,0,852,
1736,0.7735849056603774,53,41,0,0,853,
1737,0.7735849056603774,53,41,0,0,853,
1738,0.7735849056603774,53,41,0,0,853,
1739,0.7735849056603774,53,41,0,0,853,
1740,0.7735849056603774,53,41,0,0,858,
1741,0.7735849056603774,53,41,0,0,858,
1742,0.7735849056603774,53,41,0,0,858,
1743,0.7735849056603774,53,41,0,0,856,
1744,0.7735849056603774,53,41,0,0,856,
1745,0.7735849056603774,53,41,0,0,857,
1746,0.7735849056603774,53,41,0,0,857,
1747,0.7735849056603774,53,41,0,0,857,
1748,0.7735849056603774,53,41,0,0,857,
1749,0.7735849056603774,53,41,0,0,857,
1750,0.7636363636363637,55,42,2,1,858,
1751,0.75,56,42,1,0,860,
1752,0.7543859649122807,57,43,1,1,861,
1753,0.7543859649122807,57,43,0,0,861,
1754,0.7543859649122807,57,43,0,0,862,
1755,0.7543859649122807,57,43,0,0,863,
1756,0.7586206896551724,58,44,1,1,864,
1757,0.7586206896551724,58,44,0,0,864,
1758,0.7586206896551724,58,44,0,0,865,
1759,0.7586206896551724,58,44,0,0,865,
1760,0.7586206896551724,58,44,0,0,865,
1761,0.7586206896551724,58,44,0,0,865,
1762,0.7586206896551724,58,44,0,0,865,
1763,0.7586206896551724,58,44,0,0,865,
1764,0.7586206896551724,58,44,0,0,865,
1765,0.7586206896551724,58,44,0,0,865,
1766,0.7586206896551724,58,44,0,0,866,
1767,0.7586206896551724,58,44,0,0,866,
1768,0.7586206896551724,58,44,0,0,866,
1769,0.7586206896551724,58,44,0,0,866,
1770,0.7586206896551724,58,44,0,0,866,
1771,0.7586206896551724,58,44,0,0,868,
1772,0.7586206896551724,58,44,0,0,868,
1773,0.7586206896551724,58,44,0,0,868,
1774,0.7586206896551724,58,44,0,0,870,
1775,0.7586206896551724,58,44,0,0,870,
1776,0.7586206896551724,58,44,0,0,870,
1777,0.7586206896551724,58,44,0,0,871,
1778,0.7586206896551724,58,44,0,0,871,
1779,0.7586206896551724,58,44,0,0,871,
1780,0.7586206896551724,58,44,0,0,873,
1781,0.7586206896551724,58,44,0,0,873,
1782,0.7586206896551724,58,44,0,0,874,
1783,0.7586206896551724,58,44,0,0,874,
1784,0.7627118644067796,59,45,1,1,876,
1785,0.7627118644067796,59,45,0,0,878,
1786,0.7627118644067796,59,45,0,0,880,
1787,0.7627118644067796,59,45,0,0,880,
1788,0.75,60,45,1,0,880,
1789,0.75,60,45,0,0,881,
1790,0.75,60,45,0,0,882,
1791,0.75,60,45,0,0,882,
1792,0.75,60,45,0,0,882,
1793,0.75,60,45,0,0,883,
1794,0.75,60,45,0,0,884,
1795,0.75,60,45,0,0,884,
1796,0.75,60,45,0,0,884,
1797,0.75,60,45,0,0,884,
1798,0.75,60,45,0,0,884,
1799,0.75,60,45,0,0,884,
1800,0.7377049180327869,61,45,1,0,884,
1801,0.7377049180327869,61,45,0,0,884,
1802,0.7377049180327869,61,45,0,0,884,
1803,0.7377049180327869,61,45,0,0,889,
1804,0.7377049180327869,61,45,0,0,890,
1805,0.7377049180327869,61,45,0,0,890,
1806,0.7377049180327869,61,45,0,0,892,
1807,0.7377049180327869,61,45,0,0,894,
1808,0.7377049180327869,61,45,0,0,894,
1809,0.7377049180327869,61,45,0,0,894,
1810,0.7377049180327869,61,45,0,0,894,
1811,0.7419354838709677,62,46,1,1,896,
1812,0.7419354838709677,62,46,0,0,896,
1813,0.7419354838709677,62,46,0,0,896,
1814,0.7419354838709677,62,46,0,0,896,
1815,0.7419354838709677,62,46,0,0,897,
1816,0.75,64,48,2,2,897,
1817,0.75,64,48,0,0,897,
1818,0.75,64,48,0,0,897,
1819,0.75,64,48,0,0,897,
1820,0.75,64,48,0,0,897,
1821,0.75,64,48,0,0,897,
1822,0.75,64,48,0,0,897,
1823,0.75,64,48,0,0,898,
1824,0.75,64,48,0,0,899,
1825,0.75,64,48,0,0,899,
1826,0.75,64,48,0,0,899,
1827,0.75,64,48,0,0,900,
1828,0.75,64,48,0,0,900,
1829,0.75,64,48,0,0,900,
1830,0.75,64,48,0,0,900,
1831,0.75,64,48,0,0,900,
1832,0.75,64,48,0,0,900,
1833,0.75,64,48,0,0,901,
1834,0.75,64,48,0,0,911,
1835,0.75,64,48,0,0,911,
1836,0.75,64,48,0,0,912,
1837,0.75,64,48,0,0,914,
1838,0.75,64,48,0,0,916,
1839,0.75,64,48,0,0,916,
1840,0.75,64,48,0,0,915,
1841,0.7205882352941176,68,49,4,1,915,
1842,0.7205882352941176,68,49,0,0,915,
1843,0.7205882352941176,68,49,0,0,915,
1844,0.7142857142857143,70,50,2,1,915,
1845,0.7142857142857143,70,50,0,0,916,
1846,0.7142857142857143,70,50,0,0,916,
1847,0.7142857142857143,70,50,0,0,915,
1848,0.7183098591549296,71,51,1,1,916,
1849,0.7183098591549296,71,51,0,0,917,
1850,0.7183098591549296,71,51,0,0,921,
1851,0.7183098591549296,71,51,0,0,921,
1852,0.7183098591549296,71,51,0,0,922,
1853,0.7222222222222222,72,52,1,1,923,
1854,0.7222222222222222,72,52,0,0,924,
1855,0.7222222222222222,72,52,0,0,924,
1856,0.7222222222222222,72,52,0,0,924,
1857,0.7222222222222222,72,52,0,0,924,
1858,0.7222222222222222,72,52,0,0,925,
1859,0.7222222222222222,72,52,0,0,925,
1860,0.7222222222222222,72,52,0,0,925,
1861,0.7222222222222222,72,52,0,0,926,
1862,0.7222222222222222,72,52,0,0,926,
1863,0.7222222222222222,72,52,0,0,926,
1864,0.7222222222222222,72,52,0,0,926,
1865,0.7222222222222222,72,52,0,0,926,
1866,0.7222222222222222,72,52,0,0,926,
1867,0.7222222222222222,72,52,0,0,926,
1868,0.7222222222222222,72,52,0,0,926,
1869,0.7222222222222222,72,52,0,0,926,
1870,0.7222222222222222,72,52,0,0,927,
1871,0.7222222222222222,72,52,0,0,928,
1872,0.7222222222222222,72,52,0,0,928,
1873,0.7222222222222222,72,52,0,0,928,
1874,0.7222222222222222,72,52,0,0,928,
1875,0.7222222222222222,72,52,0,0,925,
1876,0.7222222222222222,72,52,0,0,922,
1877,0.7222222222222222,72,52,0,0,922,
1878,0.7222222222222222,72,52,0,0,922,
1879,0.7222222222222222,72,52,0,0,922,
1880,0.7222222222222222,72,52,0,0,922,
1881,0.7222222222222222,72,52,0,0,931,
1882,0.7222222222222222,72,52,0,0,930,
1883,0.7222222222222222,72,52,0,0,933,
1884,0.7222222222222222,72,52,0,0,933,
1885,0.7222222222222222,72,52,0,0,933,
1886,0.7222222222222222,72,52,0,0,933,
1887,0.7222222222222222,72,52,0,0,933,
1888,0.7222222222222222,72,52,0,0,933,
1889,0.7222222222222222,72,52,0,0,934,
1890,0.7222222222222222,72,52,0,0,934,
1891,0.7222222222222222,72,52,0,0,939,
1892,0.7222222222222222,72,52,0,0,939,
1893,0.7222222222222222,72,52,0,0,940,
1894,0.7222222222222222,72,52,0,0,941,
1895,0.7222222222222222,72,52,0,0,945,
1896,0.7222222222222222,72,52,0,0,945,
1897,0.7222222222222222,72,52,0,0,946,
1898,0.7222222222222222,72,52,0,0,947,
1899,0.7222222222222222,72,52,0,0,950,
1900,0.7222222222222222,72,52,0,0,950,
1901,0.7222222222222222,72,52,0,0,950,
1902,0.7222222222222222,72,52,0,0,950,
1903,0.7222222222222222,72,52,0,0,950,
1904,0.7222222222222222,72,52,0,0,955,
1905,0.7222222222222222,72,52,0,0,955,
1906,0.7222222222222222,72,52,0,0,955,
1907,0.7222222222222222,72,52,0,0,955,
1908,0.726027397260274,73,53,1,1,956,
1909,0.726027397260274,73,53,0,0,956,
1910,0.726027397260274,73,53,0,0,956,
1911,0.726027397260274,73,53,0,0,956,
1912,0.726027397260274,73,53,0,0,956,
1913,0.726027397260274,73,53,0,0,956,
1914,0.726027397260274,73,53,0,0,956,
1915,0.726027397260274,73,53,0,0,956,
1916,0.726027397260274,73,53,0,0,956,
1917,0.7297297297297297,74,54,1,1,956,
1918,0.7297297297297297,74,54,0,0,956,
1919,0.7297297297297297,74,54,0,0,956,
1920,0.7297297297297297,74,54,0,0,956,
1921,0.7297297297297297,74,54,0,0,956,
1922,0.7297297297297297,74,54,0,0,958,
1923,0.7297297297297297,74,54,0,0,958,
1924,0.7297297297297297,74,54,0,0,957,
1925,0.7297297297297297,74,54,0,0,956,
1926,0.7297297297297297,74,54,0,0,955,
1927,0.7297297297297297,74,54,0,0,955,
1928,0.7297297297297297,74,54,0,0,955,
1929,0.7297297297297297,74,54,0,0,956,
1930,0.7297297297297297,74,54,0,0,956,
1931,0.7297297297297297,74,54,0,0,958,
1932,0.7297297297297297,74,54,0,0,959,
1933,0.7297297297297297,74,54,0,0,959,
1934,0.7297297297297297,74,54,0,0,960,
1935,0.7297297297297297,74,54,0,0,967,
1936,0.7297297297297297,74,54,0,0,968,
1937,0.7297297297297297,74,54,0,0,968,
1938,0.7297297297297297,74,54,0,0,971,
1939,0.7297297297297297,74,54,0,0,974,
1940,0.7297297297297297,74,54,0,0,978,
1941,0.7297297297297297,74,54,0,0,977,
1942,0.7297297297297297,74,54,0,0,976,
1943,0.7297297297297297,74,54,0,0,976,
1944,0.7297297297297297,74,54,0,0,975,
1945,0.7368421052631579,76,56,2,2,976,
1946,0.7368421052631579,76,56,0,0,977,
1947,0.7368421052631579,76,56,0,0,977,
1948,0.7368421052631579,76,56,0,0,978,
1949,0.7368421052631579,76,56,0,0,978,
1950,0.7368421052631579,76,56,0,0,978,
1951,0.7368421052631579,76,56,0,0,978,
1952,0.7368421052631579,76,56,0,0,978,
1953,0.7368421052631579,76,56,0,0,978,
1954,0.7368421052631579,76,56,0,0,978,
1955,0.7368421052631579,76,56,0,0,978,
1956,0.7368421052631579,76,56,0,0,979,
1957,0.7368421052631579,76,56,0,0,979,
1958,0.7368421052631579,76,56,0,0,979,
1959,0.7468354430379747,79,59,3,3,980,
1960,0.7530864197530864,81,61,2,2,980,
1961,0.7530864197530864,81,61,0,0,980,
1962,0.7530864197530864,81,61,0,0,984,
1963,0.7560975609756098,82,62,1,1,985,
1964,0.7560975609756098,82,62,0,0,985,
1965,0.7560975609756098,82,62,0,0,984,
1966,0.7560975609756098,82,62,0,0,985,
1967,0.7560975609756098,82,62,0,0,986,
1968,0.7560975609756098,82,62,0,0,986,
1969,0.7560975609756098,82,62,0,0,989,
1970,0.7560975609756098,82,62,0,0,989,
1971,0.7590361445783133,83,63,1,1,990,
1972,0.7590361445783133,83,63,0,0,994,
1973,0.7590361445783133,83,63,0,0,994,
1974,0.7590361445783133,83,63,0,0,996,
1975,0.7590361445783133,83,63,0,0,997,
1976,0.7590361445783133,83,63,0,0,997,
1977,0.7590361445783133,83,63,0,0,999,
1978,0.7590361445783133,83,63,0,0,1000,
1979,0.7590361445783133,83,63,0,0,1001,
1980,0.7590361445783133,83,63,0,0,1002,
1981,0.7590361445783133,83,63,0,0,1002,
1982,0.7590361445783133,83,63,0,0,1004,
1983,0.7590361445783133,83,63,0,0,1004,
1984,0.7590361445783133,83,63,0,0,1004,
1985,0.7590361445783133,83,63,0,0,1004,
1986,0.7590361445783133,83,63,0,0,1004,
1987,0.7590361445783133,83,63,0,0,1004,
1988,0.7590361445783133,83,63,0,0,1004,
1989,0.7590361445783133,83,63,0,0,1004,
1990,0.7590361445783133,83,63,0,0,1004,
1991,0.7590361445783133,83,63,0,0,1004,
1992,0.7590361445783133,83,63,0,0,1004,
1993,0.7590361445783133,83,63,0,0,1005,
1994,0.7590361445783133,83,63,0,0,1005,
1995,0.7590361445783133,83,63,0,0,1005,
1996,0.7590361445783133,83,63,0,0,1005,
1997,0.7590361445783133,83,63,0,0,1005,
1998,0.7590361445783133,83,63,0,0,1005,
1999,0.7590361445783133,83,63,0,0,1005,
2000,0.7590361445783133,83,63,0,0,1006,
2001,0.7590361445783133,83,63,0,0,1011,
2002,0.7590361445783133,83,63,0,0,1013,
2003,0.7590361445783133,83,63,0,0,1014,
2004,0.7590361445783133,83,63,0,0,1014,
2005,0.7590361445783133,83,63,0,0,1014,
2006,0.7590361445783133,83,63,0,0,1014,
2007,0.7590361445783133,83,63,0,0,1014,
2008,0.7590361445783133,83,63,0,0,1015,
2009,0.7590361445783133,83,63,0,0,1015,
2010,0.7619047619047619,84,64,1,1,1015,
2011,0.7619047619047619,84,64,0,0,1015,
2012,0.7619047619047619,84,64,0,0,1015,
2013,0.7619047619047619,84,64,0,0,1013,
2014,0.7619047619047619,84,64,0,0,1013,
2015,0.7619047619047619,84,64,0,0,1013,
2016,0.7619047619047619,84,64,0,0,1013,
2017,0.7619047619047619,84,64,0,0,1013,
2018,0.7619047619047619,84,64,0,0,1014,
2019,0.7619047619047619,84,64,0,0,1014,
2020,0.7619047619047619,84,64,0,0,1014,
2021,0.7619047619047619,84,64,0,0,1014,
2022,0.7619047619047619,84,64,0,0,1015,
2023,0.7619047619047619,84,64,0,0,1015,
2024,0.7619047619047619,84,64,0,0,1015,
2025,0.7619047619047619,84,64,0,0,1015,
2026,0.7619047619047619,84,64,0,0,1015,
2027,0.7619047619047619,84,64,0,0,1015,
2028,0.7619047619047619,84,64,0,0,1015,
2029,0.7619047619047619,84,64,0,0,1015,
2030,0.7619047619047619,84,64,0,0,1015,
2031,0.7619047619047619,84,64,0,0,1015,
2032,0.7619047619047619,84,64,0,0,1015,
2033,0.7619047619047619,84,64,0,0,1015,
2034,0.7619047619047619,84,64,0,0,1015,
2035,0.7529411764705882,85,64,1,0,1015,
2036,0.7529411764705882,85,64,0,0,1015,
2037,0.7529411764705882,85,64,0,0,1015,
2038,0.7529411764705882,85,64,0,0,1015,
2039,0.7529411764705882,85,64,0,0,1015,
2040,0.7529411764705882,85,64,0,0,1015,
2041,0.7529411764705882,85,64,0,0,1015,
2042,0.7529411764705882,85,64,0,0,1015,
2043,0.7529411764705882,85,64,0,0,1015,
2044,0.7529411764705882,85,64,0,0,1015,
2045,0.7529411764705882,85,64,0,0,1015,
2046,0.7529411764705882,85,64,0,0,1015,
2047,0.7529411764705882,85,64,0,0,1015,
2048,0.7529411764705882,85,64,0,0,1015,
2049,0.7529411764705882,85,64,0,0,1015,
2050,0.7529411764705882,85,64,0,0,1015,
2051,0.7529411764705882,85,64,0,0,1015,
2052,0.7529411764705882,85,64,0,0,1015,
2053,0.7529411764705882,85,64,0,0,1015,
2054,0.7529411764705882,85,64,0,0,1015,
2055,0.7529411764705882,85,64,0,0,1015,
2056,0.7529411764705882,85,64,0,0,1015,
2057,0.7529411764705882,85,64,0,0,1016,
2058,0.7529411764705882,85,64,0,0,1016,
2059,0.7529411764705882,85,64,0,0,1016,
2060,0.7529411764705882,85,64,0,0,1018,
2061,0.7529411764705882,85,64,0,0,1018,
2062,0.7529411764705882,85,64,0,0,1018,
2063,0.7529411764705882,85,64,0,0,1019,
2064,0.7529411764705882,85,64,0,0,1020,
2065,0.7529411764705882,85,64,0,0,1021,
2066,0.7529411764705882,85,64,0,0,1022,
2067,0.7529411764705882,85,64,0,0,1022,
2068,0.7529411764705882,85,64,0,0,1024,
2069,0.7529411764705882,85,64,0,0,1025,
2070,0.7529411764705882,85,64,0,0,1026,
2071,0.7529411764705882,85,64,0,0,1027,
2072,0.7529411764705882,85,64,0,0,1027,
2073,0.7529411764705882,85,64,0,0,1027,
2074,0.7529411764705882,85,64,0,0,1027,
2075,0.7529411764705882,85,64,0,0,1027,
2076,0.7613636363636364,88,67,3,3,1032,
2077,0.7613636363636364,88,67,0,0,1032,
2078,0.7613636363636364,88,67,0,0,1032,
2079,0.7613636363636364,88,67,0,0,1032,
2080,0.7640449438202247,89,68,1,1,1035,
2081,0.7640449438202247,89,68,0,0,1035,
2082,0.7640449438202247,89,68,0,0,1035,
2083,0.7640449438202247,89,68,0,0,1038,
2084,0.7640449438202247,89,68,0,0,1038,
2085,0.7640449438202247,89,68,0,0,1038,
2086,0.7640449438202247,89,68,0,0,1038,
2087,0.7640449438202247,89,68,0,0,1039,
2088,0.7640449438202247,89,68,0,0,1039,
2089,0.7640449438202247,89,68,0,0,1039,
2090,0.7640449438202247,89,68,0,0,1041,
2091,0.7640449438202247,89,68,0,0,1041,
2092,0.7640449438202247,89,68,0,0,1042,
2093,0.7640449438202247,89,68,0,0,1042,
2094,0.7640449438202247,89,68,0,0,1042,
2095,0.7640449438202247,89,68,0,0,1042,
2096,0.7640449438202247,89,68,0,0,1042,
2097,0.7640449438202247,89,68,0,0,1042,
2098,0.7640449438202247,89,68,0,0,1043,
2099,0.7640449438202247,89,68,0,0,1043,
2100,0.7640449438202247,89,68,0,0,1043,
2101,0.7640449438202247,89,68,0,0,1044,
2102,0.7640449438202247,89,68,0,0,1046,
2103,0.7640449438202247,89,68,0,0,1046,
2104,0.7666666666666667,90,69,1,1,1047,
2105,0.7666666666666667,90,69,0,0,1048,
2106,0.7666666666666667,90,69,0,0,1050,
2107,0.7666666666666667,90,69,0,0,1050,
2108,0.7666666666666667,90,69,0,0,1050,
2109,0.7666666666666667,90,69,0,0,1050,
2110,0.7692307692307693,91,70,1,1,1050,
2111,0.7692307692307693,91,70,0,0,1051,
2112,0.7692307692307693,91,70,0,0,1051,
2113,0.7692307692307693,91,70,0,0,1051,
2114,0.7692307692307693,91,70,0,0,1051,
2115,0.7692307692307693,91,70,0,0,1051,
2116,0.7692307692307693,91,70,0,0,1052,
2117,0.7692307692307693,91,70,0,0,1052,
2118,0.7692307692307693,91,70,0,0,1052,
2119,0.7717391304347826,92,71,1,1,1052,
2120,0.7717391304347826,92,71,0,0,1052,
2121,0.7717391304347826,92,71,0,0,1054,
2122,0.7717391304347826,92,71,0,0,1056,
2123,0.7717391304347826,92,71,0,0,1056,
2124,0.7717391304347826,92,71,0,0,1056,
2125,0.7717391304347826,92,71,0,0,1056,
2126,0.7717391304347826,92,71,0,0,1056,
2127,0.7717391304347826,92,71,0,0,1059,
2128,0.7717391304347826,92,71,0,0,1059,
2129,0.7717391304347826,92,71,0,0,1059,
2130,0.7717391304347826,92,71,0,0,1059,
2131,0.7717391304347826,92,71,0,0,1059,
2132,0.7717391304347826,92,71,0,0,1059,
2133,0.7717391304347826,92,71,0,0,1060,
2134,0.7717391304347826,92,71,0,0,1060,
2135,0.7717391304347826,92,71,0,0,1060,
2136,0.7717391304347826,92,71,0,0,1061,
2137,0.7717391304347826,92,71,0,0,1061,
2138,0.7717391304347826,92,71,0,0,1061,
2139,0.7717391304347826,92,71,0,0,1063,
2140,0.7717391304347826,92,71,0,0,1064,
2141,0.7717391304347826,92,71,0,0,1056,
2142,0.776595744680851,94,73,2,2,1046,
2143,0.7789473684210526,95,74,1,1,1051,
2144,0.7789473684210526,95,74,0,0,1050,
2145,0.78125,96,75,1,1,1051,
2146,0.78125,96,75,0,0,1050,
2147,0.78125,96,75,0,0,1051,
2148,0.78125,96,75,0,0,1051,
2149,0.78125,96,75,0,0,1051,
2150,0.78125,96,75,0,0,1051,
2151,0.78125,96,75,0,0,1051,
2152,0.78125,96,75,0,0,1051,
2153,0.78125,96,75,0,0,1051,
2154,0.78125,96,75,0,0,1051,
2155,0.78125,96,75,0,0,1051,
2156,0.78125,96,75,0,0,1051,
2157,0.78125,96,75,0,0,1052,
2158,0.78125,96,75,0,0,1052,
2159,0.78125,96,75,0,0,1056,
2160,0.78125,96,75,0,0,1056,
2161,0.78125,96,75,0,0,1056,
2162,0.78125,96,75,0,0,1059,
2163,0.78125,96,75,0,0,1060,
2164,0.78125,96,75,0,0,1061,
2165,0.78125,96,75,0,0,1061,
2166,0.78125,96,75,0,0,1061,
2167,0.78125,96,75,0,0,1061,
2168,0.78125,96,75,0,0,1061,
2169,0.78125,96,75,0,0,1061,
2170,0.78125,96,75,0,0,1061,
2171,0.78125,96,75,0,0,1062,
2172,0.78125,96,75,0,0,1062,
2173,0.78125,96,75,0,0,1062,
2174,0.78125,96,75,0,0,1063,
2175,0.78125,96,75,0,0,1063,
2176,0.78125,96,75,0,0,1066,
2177,0.78125,96,75,0,0,1066,
2178,0.78125,96,75,0,0,1068,
2179,0.78125,96,75,0,0,1069,
2180,0.78125,96,75,0,0,1069,
2181,0.78125,96,75,0,0,1069,
2182,0.78125,96,75,0,0,1071,
2183,0.78125,96,75,0,0,1072,
2184,0.78125,96,75,0,0,1072,
2185,0.78125,96,75,0,0,1074,
2186,0.78125,96,75,0,0,1074,
2187,0.78125,96,75,0,0,1076,
2188,0.78125,96,75,0,0,1077,
2189,0.78125,96,75,0,0,1077,
2190,0.78125,96,75,0,0,1078,
2191,0.78125,96,75,0,0,1078,
2192,0.78125,96,75,0,0,1078,
2193,0.78125,96,75,0,0,1077,
2194,0.7731958762886598,97,75,1,0,1078,
2195,0.7731958762886598,97,75,0,0,1077,
2196,0.7731958762886598,97,75,0,0,1077,
2197,0.7653061224489796,98,75,1,0,1078,
2198,0.7653061224489796,98,75,0,0,1079,
2199,0.7653061224489796,98,75,0,0,1080,
2200,0.7653061224489796,98,75,0,0,1080,
2201,0.7653061224489796,98,75,0,0,1080,
2202,0.7653061224489796,98,75,0,0,1080,
2203,0.7653061224489796,98,75,0,0,1080,
2204,0.7653061224489796,98,75,0,0,1080,
2205,0.7653061224489796,98,75,0,0,1080,
2206,0.7676767676767676,99,76,1,1,1081,
2207,0.7676767676767676,99,76,0,0,1081,
2208,0.7676767676767676,99,76,0,0,1081,
2209,0.7676767676767676,99,76,0,0,1081,
2210,0.7676767676767676,99,76,0,0,1081,
2211,0.7676767676767676,99,76,0,0,1082,
2212,0.7676767676767676,99,76,0,0,1082,
2213,0.7676767676767676,99,76,0,0,1082,
2214,0.7676767676767676,99,76,0,0,1084,
2215,0.7676767676767676,99,76,0,0,1085,
2216,0.7676767676767676,99,76,0,0,1085,
2217,0.7676767676767676,99,76,0,0,1086,
2218,0.7676767676767676,99,76,0,0,1087,
2219,0.7676767676767676,99,76,0,0,1088,
2220,0.7676767676767676,99,76,0,0,1088,
2221,0.7676767676767676,99,76,0,0,1088,
2222,0.7676767676767676,99,76,0,0,1088,
2223,0.7676767676767676,99,76,0,0,1088,
2224,0.7676767676767676,99,76,0,0,1088,
2225,0.7676767676767676,99,76,0,0,1087,
2226,0.7676767676767676,99,76,0,0,1087,
2227,0.7676767676767676,99,76,0,0,1087,
2228,0.7676767676767676,99,76,0,0,1087,
2229,0.7676767676767676,99,76,0,0,1087,
2230,0.7676767676767676,99,76,0,0,1087,
2231,0.7676767676767676,99,76,0,0,1087,
2232,0.7676767676767676,99,76,0,0,1087,
2233,0.7676767676767676,99,76,0,0,1087,
2234,0.7676767676767676,99,76,0,0,1088,
2235,0.7676767676767676,99,76,0,0,1088,
2236,0.7676767676767676,99,76,0,0,1088,
2237,0.7676767676767676,99,76,0,0,1088,
2238,0.7676767676767676,99,76,0,0,1088,
2239,0.77,100,77,1,1,1088,
2240,0.77,100,77,0,0,1089,
2241,0.77,100,77,0,0,1089,
2242,0.77,100,77,0,0,1089,
2243,0.77,100,77,0,0,1089,
2244,0.77,100,77,0,0,1089,
2245,0.77,100,77,0,0,1090,
2246,0.77,100,77,0,0,1091,
2247,0.77,100,77,0,0,1090,
2248,0.77,100,77,0,0,1090,
2249,0.77,100,77,0,0,1090,
2250,0.77,100,77,0,0,1090,
2251,0.77,100,77,0,0,1091,
2252,0.77,100,77,0,0,1094,
2253,0.77,100,77,0,0,1094,
2254,0.77,100,77,0,0,1094,
2255,0.77,100,77,0,0,1095,
2256,0.77,100,77,0,0,1097,
2257,0.77,100,77,0,0,1097,
2258,0.7623762376237624,101,77,1,0,1096,
2259,0.7623762376237624,101,77,0,0,1096,
2260,0.7623762376237624,101,77,0,0,1097,
2261,0.7623762376237624,101,77,0,0,1097,
2262,0.7623762376237624,101,77,0,0,1097,
2263,0.7623762376237624,101,77,0,0,1098,
2264,0.7623762376237624,101,77,0,0,1098,
2265,0.7623762376237624,101,77,0,0,1099,
2266,0.7623762376237624,101,77,0,0,1099,
2267,0.7623762376237624,101,77,0,0,1099,
2268,0.7623762376237624,101,77,0,0,1099,
2269,0.7623762376237624,101,77,0,0,1099,
2270,0.7623762376237624,101,77,0,0,1099,
2271,0.7623762376237624,101,77,0,0,1099,
2272,0.7623762376237624,101,77,0,0,1100,
2273,0.7572815533980582,103,78,2,1,1102,
2274,0.75,104,78,1,0,1102,
2275,0.75,104,78,0,0,1102,
2276,0.7523809523809524,105,79,1,1,1103,
2277,0.7523809523809524,105,79,0,0,1103,
2278,0.7523809523809524,105,79,0,0,1103,
2279,0.7523809523809524,105,79,0,0,1103,
2280,0.7523809523809524,105,79,0,0,1103,
2281,0.7523809523809524,105,79,0,0,1103,
2282,0.7523809523809524,105,79,0,0,1103,
2283,0.7523809523809524,105,79,0,0,1103,
2284,0.7523809523809524,105,79,0,0,1103,
2285,0.7523809523809524,105,79,0,0,1107,
2286,0.7523809523809524,105,79,0,0,1108,
2287,0.7523809523809524,105,79,0,0,1109,
2288,0.7523809523809524,105,79,0,0,1112,
2289,0.7523809523809524,105,79,0,0,1112,
2290,0.7523809523809524,105,79,0,0,1112,
2291,0.7523809523809524,105,79,0,0,1112,
2292,0.7523809523809524,105,79,0,0,1112,
2293,0.7523809523809524,105,79,0,0,1112,
2294,0.7523809523809524,105,79,0,0,1112,
2295,0.7523809523809524,105,79,0,0,1112,
2296,0.7523809523809524,105,79,0,0,1112,
2297,0.7523809523809524,105,79,0,0,1113,
2298,0.7523809523809524,105,79,0,0,1113,
2299,0.7523809523809524,105,79,0,0,1118,
2300,0.7523809523809524,105,79,0,0,1124,
2301,0.7523809523809524,105,79,0,0,1128,
2302,0.7523809523809524,105,79,0,0,1129,
2303,0.7523809523809524,105,79,0,0,1132,
2304,0.7523809523809524,105,79,0,0,1132,
2305,0.7523809523809524,105,79,0,0,1132,
2306,0.7523809523809524,105,79,0,0,1132,
2307,0.7523809523809524,105,79,0,0,1132,
2308,0.7523809523809524,105,79,0,0,1132,
2309,0.7523809523809524,105,79,0,0,1132,
2310,0.7523809523809524,105,79,0,0,1133,
2311,0.7523809523809524,105,79,0,0,1133,
2312,0.7523809523809524,105,79,0,0,1133,
2313,0.7523809523809524,105,79,0,0,1133,
2314,0.7523809523809524,105,79,0,0,1134,
2315,0.7523809523809524,105,79,0,0,1137,
2316,0.7523809523809524,105,79,0,0,1137,
2317,0.7547169811320755,106,80,1,1,1139,
2318,0.7547169811320755,106,80,0,0,1139,
2319,0.7547169811320755,106,80,0,0,1139,
2320,0.7547169811320755,106,80,0,0,1139,
2321,0.7547169811320755,106,80,0,0,1139,
2322,0.7547169811320755,106,80,0,0,1141,
2323,0.7547169811320755,106,80,0,0,1147,
2324,0.7570093457943925,107,81,1,1,1152,
2325,0.7592592592592593,108,82,1,1,1153,
2326,0.7592592592592593,108,82,0,0,1155,
2327,0.7592592592592593,108,82,0,0,1156,
2328,0.7592592592592593,108,82,0,0,1158,
2329,0.7592592592592593,108,82,0,0,1164,
2330,0.7592592592592593,108,82,0,0,1165,
2331,0.7592592592592593,108,82,0,0,1165,
2332,0.7592592592592593,108,82,0,0,1165,
2333,0.7592592592592593,108,82,0,0,1168,
2334,0.7614678899082569,109,83,1,1,1169,
2335,0.7614678899082569,109,83,0,0,1168,
2336,0.7614678899082569,109,83,0,0,1168,
2337,0.7614678899082569,109,83,0,0,1168,
2338,0.7614678899082569,109,83,0,0,1169,
2339,0.7614678899082569,109,83,0,0,1169,
2340,0.7614678899082569,109,83,0,0,1169,
2341,0.7614678899082569,109,83,0,0,1169,
2342,0.7614678899082569,109,83,0,0,1170,
2343,0.7614678899082569,109,83,0,0,1173,
2344,0.7614678899082569,109,83,0,0,1174,
2345,0.7614678899082569,109,83,0,0,1174,
2346,0.7614678899082569,109,83,0,0,1174,
2347,0.7614678899082569,109,83,0,0,1174,
2348,0.7614678899082569,109,83,0,0,1174,
2349,0.7614678899082569,109,83,0,0,1175,
2350,0.7614678899082569,109,83,0,0,1175,
2351,0.7614678899082569,109,83,0,0,1175,
2352,0.7614678899082569,109,83,0,0,1175,
2353,0.7614678899082569,109,83,0,0,1183,
2354,0.7614678899082569,109,83,0,0,1183,
2355,0.7614678899082569,109,83,0,0,1184,
2356,0.7614678899082569,109,83,0,0,1184,
2357,0.7614678899082569,109,83,0,0,1184,
2358,0.7614678899082569,109,83,0,0,1184,
2359,0.7614678899082569,109,83,0,0,1184,
2360,0.7614678899082569,109,83,0,0,1184,
2361,0.7614678899082569,109,83,0,0,1185,
2362,0.7614678899082569,109,83,0,0,1187,
2363,0.7657657657657657,111,85,2,2,1189,
2364,0.7657657657657657,111,85,0,0,1190,
2365,0.7657657657657657,111,85,0,0,1190,
2366,0.7657657657657657,111,85,0,0,1190,
2367,0.7657657657657657,111,85,0,0,1190,
2368,0.7657657657657657,111,85,0,0,1190,
2369,0.7657657657657657,111,85,0,0,1190,
2370,0.7657657657657657,111,85,0,0,1190,
2371,0.7678571428571429,112,86,1,1,1191,
2372,0.7678571428571429,112,86,0,0,1191,
2373,0.7678571428571429,112,86,0,0,1196,
2374,0.7678571428571429,112,86,0,0,1196,
2375,0.7678571428571429,112,86,0,0,1196,
2376,0.7678571428571429,112,86,0,0,1197,
2377,0.7678571428571429,112,86,0,0,1198,
2378,0.7678571428571429,112,86,0,0,1198,
2379,0.7699115044247787,113,87,1,1,1200,
2380,0.7699115044247787,113,87,0,0,1200,
2381,0.7699115044247787,113,87,0,0,1201,
2382,0.7699115044247787,113,87,0,0,1201,
2383,0.7699115044247787,113,87,0,0,1205,
2384,0.7699115044247787,113,87,0,0,1205,
2385,0.7699115044247787,113,87,0,0,1206,
2386,0.7699115044247787,113,87,0,0,1207,
2387,0.7699115044247787,113,87,0,0,1207,
2388,0.7699115044247787,113,87,0,0,1208,
2389,0.7699115044247787,113,87,0,0,1208,
2390,0.7699115044247787,113,87,0,0,1209,
2391,0.7699115044247787,113,87,0,0,1210,
2392,0.7699115044247787,113,87,0,0,1208,
2393,0.7699115044247787,113,87,0,0,1208,
2394,0.7699115044247787,113,87,0,0,1207,
2395,0.7699115044247787,113,87,0,0,1208,
2396,0.7699115044247787,113,87,0,0,1210,
2397,0.7699115044247787,113,87,0,0,1210,
2398,0.7699115044247787,113,87,0,0,1211,
2399,0.7699115044247787,113,87,0,0,1211,
2400,0.7699115044247787,113,87,0,0,1211,
2401,0.7699115044247787,113,87,0,0,1211,
2402,0.7699115044247787,113,87,0,0,1211,
2403,0.7699115044247787,113,87,0,0,1211,
2404,0.7699115044247787,113,87,0,0,1211,
2405,0.7699115044247787,113,87,0,0,1211,
2406,0.7699115044247787,113,87,0,0,1211,
2407,0.7699115044247787,113,87,0,0,1211,
2408,0.7699115044247787,113,87,0,0,1211,
2409,0.7699115044247787,113,87,0,0,1212,
2410,0.7719298245614035,114,88,1,1,1213,
2411,0.7739130434782608,115,89,1,1,1214,
2412,0.7739130434782608,115,89,0,0,1214,
2413,0.7777777777777778,117,91,2,2,1216,
2414,0.773109243697479,119,92,2,1,1218,
2415,0.773109243697479,119,92,0,0,1220,
2416,0.773109243697479,119,92,0,0,1221,
2417,0.773109243697479,119,92,0,0,1222,
2418,0.773109243697479,119,92,0,0,1223,
2419,0.773109243697479,119,92,0,0,1223,
2420,0.7704918032786885,122,94,3,2,1232,
2421,0.7704918032786885,122,94,0,0,1232,
2422,0.7704918032786885,122,94,0,0,1236,
2423,0.7704918032786885,122,94,0,0,1237,
2424,0.7704918032786885,122,94,0,0,1237,
2425,0.7704918032786885,122,94,0,0,1239,
2426,0.7704918032786885,122,94,0,0,1240,
2427,0.7704918032786885,122,94,0,0,1240,
2428,0.7704918032786885,122,94,0,0,1240,
2429,0.7723577235772358,123,95,1,1,1241,
2430,0.7741935483870968,124,96,1,1,1248,
2431,0.7741935483870968,124,96,0,0,1249,
2432,0.7741935483870968,124,96,0,0,1249,
2433,0.7741935483870968,124,96,0,0,1250,
2434,0.7741935483870968,124,96,0,0,1250,
2435,0.7741935483870968,124,96,0,0,1251,
2436,0.7741935483870968,124,96,0,0,1252,
2437,0.7741935483870968,124,96,0,0,1255,
2438,0.7741935483870968,124,96,0,0,1255,
2439,0.7741935483870968,124,96,0,0,1256,
2440,0.7741935483870968,124,96,0,0,1256,
2441,0.7741935483870968,124,96,0,0,1256,
2442,0.7741935483870968,124,96,0,0,1257,
2443,0.7741935483870968,124,96,0,0,1258,
2444,0.7741935483870968,124,96,0,0,1258,
2445,0.7741935483870968,124,96,0,0,1258,
2446,0.7741935483870968,124,96,0,0,1258,
2447,0.7741935483870968,124,96,0,0,1258,
2448,0.7741935483870968,124,96,0,0,1258,
2449,0.7741935483870968,124,96,0,0,1258,
2450,0.7741935483870968,124,96,0,0,1258,
2451,0.7741935483870968,124,96,0,0,1258,
2452,0.7741935483870968,124,96,0,0,1258,
2453,0.7741935483870968,124,96,0,0,1258,
2454,0.7741935483870968,124,96,0,0,1258,
2455,0.7741935483870968,124,96,0,0,1261,
2456,0.7741935483870968,124,96,0,0,1261,
2457,0.7741935483870968,124,96,0,0,1263,
2458,0.7741935483870968,124,96,0,0,1263,
2459,0.7741935483870968,124,96,0,0,1263,
2460,0.7741935483870968,124,96,0,0,1263,
2461,0.7741935483870968,124,96,0,0,1263,
2462,0.7741935483870968,124,96,0,0,1263,
2463,0.7741935483870968,124,96,0,0,1264,
2464,0.7741935483870968,124,96,0,0,1264,
2465,0.7741935483870968,124,96,0,0,1265,
2466,0.7741935483870968,124,96,0,0,1272,
2467,0.7741935483870968,124,96,0,0,1272,
2468,0.7741935483870968,124,96,0,0,1273,
2469,0.7741935483870968,124,96,0,0,1274,
2470,0.7741935483870968,124,96,0,0,1274,
2471,0.7741935483870968,124,96,0,0,1274,
2472,0.7741935483870968,124,96,0,0,1276,
2473,0.7716535433070866,127,98,3,2,1276,
2474,0.7716535433070866,127,98,0,0,1277,
2475,0.7716535433070866,127,98,0,0,1279,
2476,0.7716535433070866,127,98,0,0,1279,
2477,0.7716535433070866,127,98,0,0,1279,
2478,0.7716535433070866,127,98,0,0,1280,
2479,0.7716535433070866,127,98,0,0,1281,
2480,0.7716535433070866,127,98,0,0,1281,
2481,0.7716535433070866,127,98,0,0,1281,
2482,0.7716535433070866,127,98,0,0,1281,
2483,0.7716535433070866,127,98,0,0,1281,
2484,0.7716535433070866,127,98,0,0,1281,
2485,0.7716535433070866,127,98,0,0,1281,
2486,0.7716535433070866,127,98,0,0,1282,
2487,0.7716535433070866,127,98,0,0,1282,
2488,0.7716535433070866,127,98,0,0,1283,
2489,0.7734375,128,99,1,1,1284,
2490,0.7769230769230769,130,101,2,2,1286,
2491,0.7769230769230769,130,101,0,0,1286,
2492,0.7769230769230769,130,101,0,0,1286,
2493,0.7769230769230769,130,101,0,0,1286,
2494,0.7769230769230769,130,101,0,0,1286,
2495,0.7769230769230769,130,101,0,0,1286,
2496,0.7769230769230769,130,101,0,0,1286,
2497,0.7769230769230769,130,101,0,0,1287,
2498,0.7769230769230769,130,101,0,0,1287,
2499,0.7769230769230769,130,101,0,0,1287,
2500,0.7769230769230769,130,101,0,0,1288,
2501,0.7786259541984732,131,102,1,1,1288,
2502,0.7803030303030303,132,103,1,1,1290,
2503,0.7803030303030303,132,103,0,0,1289,
2504,0.7851851851851852,135,106,3,3,1289,
2505,0.7851851851851852,135,106,0,0,1290,
2506,0.7851851851851852,135,106,0,0,1291,
2507,0.7851851851851852,135,106,0,0,1291,
2508,0.7851851851851852,135,106,0,0,1292,
2509,0.7851851851851852,135,106,0,0,1293,
2510,0.7851851851851852,135,106,0,0,1294,
2511,0.7851851851851852,135,106,0,0,1295,
2512,0.7851851851851852,135,106,0,0,1296,
2513,0.781021897810219,137,107,2,1,1296,
2514,0.781021897810219,137,107,0,0,1296,
2515,0.781021897810219,137,107,0,0,1296,
2516,0.782608695652174,138,108,1,1,1297,
2517,0.782608695652174,138,108,0,0,1297,
2518,0.782608695652174,138,108,0,0,1298,
2519,0.782608695652174,138,108,0,0,1298,
2520,0.782608695652174,138,108,0,0,1298,
2521,0.782608695652174,138,108,0,0,1298,
2522,0.782608695652174,138,108,0,0,1298,
2523,0.782608695652174,138,108,0,0,1298,
2524,0.782608695652174,138,108,0,0,1298,
2525,0.782608695652174,138,108,0,0,1298,
2526,0.782608695652174,138,108,0,0,1299,
2527,0.782608695652174,138,108,0,0,1299,
2528,0.782608695652174,138,108,0,0,1300,
2529,0.782608695652174,138,108,0,0,1300,
2530,0.782608695652174,138,108,0,0,1300,
2531,0.782608695652174,138,108,0,0,1300,
2532,0.782608695652174,138,108,0,0,1301,
2533,0.782608695652174,138,108,0,0,1301,
2534,0.782608695652174,138,108,0,0,1301,
2535,0.782608695652174,138,108,0,0,1301,
2536,0.782608695652174,138,108,0,0,1302,
2537,0.782608695652174,138,108,0,0,1302,
2538,0.782608695652174,138,108,0,0,1302,
2539,0.782608695652174,138,108,0,0,1302,
2540,0.782608695652174,138,108,0,0,1302,
2541,0.782608695652174,138,108,0,0,1302,
2542,0.782608695652174,138,108,0,0,1302,
2543,0.782608695652174,138,108,0,0,1302,
2544,0.782608695652174,138,108,0,0,1302,
2545,0.782608695652174,138,108,0,0,1302,
2546,0.782608695652174,138,108,0,0,1302,
2547,0.782608695652174,138,108,0,0,1302,
2548,0.782608695652174,138,108,0,0,1302,
2549,0.782608695652174,138,108,0,0,1302,
2550,0.782608695652174,138,108,0,0,1302,
2551,0.782608695652174,138,108,0,0,1302,
2552,0.782608695652174,138,108,0,0,1302,
2553,0.782608695652174,138,108,0,0,1302,
2554,0.782608695652174,138,108,0,0,1303,
2555,0.782608695652174,138,108,0,0,1303,
2556,0.7841726618705036,139,109,1,1,1304,
2557,0.7841726618705036,139,109,0,0,1304,
2558,0.7841726618705036,139,109,0,0,1304,
2559,0.7841726618705036,139,109,0,0,1304,
2560,0.7841726618705036,139,109,0,0,1304,
2561,0.7841726618705036,139,109,0,0,1304,
2562,0.7841726618705036,139,109,0,0,1304,
2563,0.7841726618705036,139,109,0,0,1303,
2564,0.7841726618705036,139,109,0,0,1303,
2565,0.7841726618705036,139,109,0,0,1303,
2566,0.7841726618705036,139,109,0,0,1303,
2567,0.7841726618705036,139,109,0,0,1303,
2568,0.7841726618705036,139,109,0,0,1303,
2569,0.7872340425531915,141,111,2,2,1306,
2570,0.7872340425531915,141,111,0,0,1306,
2571,0.7887323943661971,142,112,1,1,1308,
2572,0.7887323943661971,142,112,0,0,1309,
2573,0.7887323943661971,142,112,0,0,1310,
2574,0.7887323943661971,142,112,0,0,1310,
2575,0.7887323943661971,142,112,0,0,1310,
2576,0.7887323943661971,142,112,0,0,1310,
2577,0.7832167832167832,143,112,1,0,1310,
2578,0.7832167832167832,143,112,0,0,1312,
2579,0.7832167832167832,143,112,0,0,1313,
2580,0.7832167832167832,143,112,0,0,1313,
2581,0.7832167832167832,143,112,0,0,1313,
2582,0.7832167832167832,143,112,0,0,1313,
2583,0.7832167832167832,143,112,0,0,1313,
2584,0.7832167832167832,143,112,0,0,1314,
2585,0.7832167832167832,143,112,0,0,1314,
2586,0.7832167832167832,143,112,0,0,1316,
2587,0.7671232876712328,146,112,3,0,1319,
2588,0.7671232876712328,146,112,0,0,1319,
2589,0.7671232876712328,146,112,0,0,1319,
2590,0.7671232876712328,146,112,0,0,1323,
2591,0.7671232876712328,146,112,0,0,1323,
2592,0.7671232876712328,146,112,0,0,1324,
2593,0.7687074829931972,147,113,1,1,1328,
2594,0.7635135135135135,148,113,1,0,1329,
2595,0.7635135135135135,148,113,0,0,1330,
2596,0.7635135135135135,148,113,0,0,1330,
2597,0.7635135135135135,148,113,0,0,1330,
2598,0.7635135135135135,148,113,0,0,1330,
2599,0.7635135135135135,148,113,0,0,1330,
2600,0.7635135135135135,148,113,0,0,1330,
2601,0.7635135135135135,148,113,0,0,1332,
2602,0.7635135135135135,148,113,0,0,1341,
2603,0.7635135135135135,148,113,0,0,1342,
2604,0.7635135135135135,148,113,0,0,1343,
2605,0.7635135135135135,148,113,0,0,1343,
2606,0.7635135135135135,148,113,0,0,1342,
2607,0.7635135135135135,148,113,0,0,1342,
2608,0.7635135135135135,148,113,0,0,1341,
2609,0.7635135135135135,148,113,0,0,1341,
2610,0.7635135135135135,148,113,0,0,1341,
2611,0.7635135135135135,148,113,0,0,1344,
2612,0.7635135135135135,148,113,0,0,1344,
2613,0.7635135135135135,148,113,0,0,1345,
2614,0.7635135135135135,148,113,0,0,1345,
2615,0.7635135135135135,148,113,0,0,1345,
2616,0.7635135135135135,148,113,0,0,1344,
2617,0.7583892617449665,149,113,1,0,1344,
2618,0.7583892617449665,149,113,0,0,1344,
2619,0.7583892617449665,149,113,0,0,1344,
2620,0.7583892617449665,149,113,0,0,1344,
2621,0.7583892617449665,149,113,0,0,1344,
2622,0.7583892617449665,149,113,0,0,1344,
2623,0.7615894039735099,151,115,2,2,1344,
2624,0.756578947368421,152,115,1,0,1344,
2625,0.756578947368421,152,115,0,0,1344,
2626,0.756578947368421,152,115,0,0,1344,
2627,0.756578947368421,152,115,0,0,1345,
2628,0.756578947368421,152,115,0,0,1345,
2629,0.7581699346405228,153,116,1,1,1346,
2630,0.7468354430379747,158,118,5,2,1346,
2631,0.7468354430379747,158,118,0,0,1347,
2632,0.7468354430379747,158,118,0,0,1348,
2633,0.7468354430379747,158,118,0,0,1349,
