Revision,AggregateAccuracy,TotalPredictions,CorrectPredictions,TotalPredictionsPerRevision,CorrectPredictionsPreRevision,NumberOfWorkItems,

4501,NaN,0,0,0,0,2253,
4502,NaN,0,0,0,0,2253,
4503,NaN,0,0,0,0,2254,
4504,NaN,0,0,0,0,2255,
4505,NaN,0,0,0,0,2255,
4506,NaN,0,0,0,0,2255,
4507,NaN,0,0,0,0,2268,
4508,NaN,0,0,0,0,2268,
4509,NaN,0,0,0,0,2268,
4510,NaN,0,0,0,0,2268,
4511,NaN,0,0,0,0,2268,
4512,NaN,0,0,0,0,2268,
4513,NaN,0,0,0,0,2268,
4514,NaN,0,0,0,0,2269,
4515,NaN,0,0,0,0,2270,
4516,NaN,0,0,0,0,2270,
4517,NaN,0,0,0,0,2271,
4518,NaN,0,0,0,0,2271,
4519,NaN,0,0,0,0,2271,
4520,NaN,0,0,0,0,2277,
4521,NaN,0,0,0,0,2278,
4522,NaN,0,0,0,0,2278,
4523,NaN,0,0,0,0,2278,
4524,NaN,0,0,0,0,2277,
4525,NaN,0,0,0,0,2277,
4526,NaN,0,0,0,0,2277,
4527,NaN,0,0,0,0,2277,
4528,NaN,0,0,0,0,2277,
4529,NaN,0,0,0,0,2277,
4530,NaN,0,0,0,0,2277,
4531,NaN,0,0,0,0,2277,
4532,NaN,0,0,0,0,2277,
4533,NaN,0,0,0,0,2284,
4534,NaN,0,0,0,0,2284,
4535,NaN,0,0,0,0,2284,
4536,NaN,0,0,0,0,2284,
4537,NaN,0,0,0,0,2285,
4538,NaN,0,0,0,0,2286,
4539,NaN,0,0,0,0,2287,
4540,NaN,0,0,0,0,2287,
4541,NaN,0,0,0,0,2287,
4542,NaN,0,0,0,0,2287,
4543,NaN,0,0,0,0,2287,
4544,NaN,0,0,0,0,2288,
4545,NaN,0,0,0,0,2288,
4546,NaN,0,0,0,0,2295,
4547,NaN,0,0,0,0,2304,
4548,NaN,0,0,0,0,2304,
4549,NaN,0,0,0,0,2304,
4550,NaN,0,0,0,0,2304,
4551,NaN,0,0,0,0,2304,
4552,NaN,0,0,0,0,2310,
4553,NaN,0,0,0,0,2310,
4554,1.0,2,2,2,2,2310,
4555,1.0,2,2,0,0,2310,
4556,1.0,2,2,0,0,2310,
4557,1.0,2,2,0,0,2310,
4558,1.0,2,2,0,0,2310,
4559,1.0,2,2,0,0,2304,
4560,1.0,2,2,0,0,2307,
4561,1.0,2,2,0,0,2307,
4562,0.5,4,2,2,0,2316,
4563,0.5,4,2,0,0,2317,
4564,0.5,4,2,0,0,2317,
4565,0.7272727272727273,11,8,7,6,2318,
4566,0.7272727272727273,11,8,0,0,2322,
4567,0.7272727272727273,11,8,0,0,2322,
4568,0.7272727272727273,11,8,0,0,2324,
4569,0.7272727272727273,11,8,0,0,2324,
4570,0.7272727272727273,11,8,0,0,2325,
4571,0.7272727272727273,11,8,0,0,2325,
4572,0.7272727272727273,11,8,0,0,2328,
4573,0.7272727272727273,11,8,0,0,2328,
4574,0.7272727272727273,11,8,0,0,2331,
4575,0.7272727272727273,11,8,0,0,2331,
4576,0.7272727272727273,11,8,0,0,2329,
4577,0.6153846153846154,13,8,2,0,2329,
4578,0.6153846153846154,13,8,0,0,2328,
4579,0.5,18,9,5,1,2327,
4580,0.5,18,9,0,0,2329,
4581,0.5,18,9,0,0,2329,
4582,0.5,18,9,0,0,2330,
4583,0.5,18,9,0,0,2330,
4584,0.5,18,9,0,0,2330,
4585,0.5,18,9,0,0,2328,
4586,0.5,18,9,0,0,2333,
4587,0.5,18,9,0,0,2336,
4588,0.5,18,9,0,0,2337,
4589,0.5,18,9,0,0,2337,
4590,0.5,18,9,0,0,2341,
4591,0.5,18,9,0,0,2341,
4592,0.5,18,9,0,0,2341,
4593,0.5,18,9,0,0,2342,
4594,0.5,18,9,0,0,2342,
4595,0.5,18,9,0,0,2342,
4596,0.5,18,9,0,0,2343,
4597,0.5,18,9,0,0,2343,
4598,0.5,18,9,0,0,2350,
4599,0.5,18,9,0,0,2351,
4600,0.5,18,9,0,0,2351,
4601,0.5,18,9,0,0,2351,
4602,0.5,18,9,0,0,2351,
4603,0.42857142857142855,21,9,3,0,2351,
4604,0.42857142857142855,21,9,0,0,2351,
4605,0.42857142857142855,21,9,0,0,2351,
4606,0.42857142857142855,21,9,0,0,2351,
4607,0.4782608695652174,23,11,2,2,2352,
4608,0.4782608695652174,23,11,0,0,2352,
4609,0.4782608695652174,23,11,0,0,2353,
4610,0.4782608695652174,23,11,0,0,2353,
4611,0.4782608695652174,23,11,0,0,2360,
4612,0.4782608695652174,23,11,0,0,2360,
4613,0.4782608695652174,23,11,0,0,2360,
4614,0.44,25,11,2,0,2359,
4615,0.44,25,11,0,0,2360,
4616,0.44,25,11,0,0,2360,
4617,0.44,25,11,0,0,2361,
4618,0.44,25,11,0,0,2361,
4619,0.44,25,11,0,0,2361,
4620,0.44,25,11,0,0,2362,
4621,0.44,25,11,0,0,2363,
4622,0.44,25,11,0,0,2363,
4623,0.44,25,11,0,0,2363,
4624,0.44,25,11,0,0,2365,
4625,0.44,25,11,0,0,2366,
4626,0.44,25,11,0,0,2379,
4627,0.44,25,11,0,0,2380,
4628,0.44,25,11,0,0,2380,
4629,0.44,25,11,0,0,2381,
4630,0.48148148148148145,27,13,2,2,2381,
4631,0.48148148148148145,27,13,0,0,2383,
4632,0.48148148148148145,27,13,0,0,2384,
4633,0.48148148148148145,27,13,0,0,2384,
4634,0.48148148148148145,27,13,0,0,2390,
4635,0.48148148148148145,27,13,0,0,2427,
4636,0.48148148148148145,27,13,0,0,2433,
4637,0.48148148148148145,27,13,0,0,2433,
4638,0.48148148148148145,27,13,0,0,2433,
4639,0.48148148148148145,27,13,0,0,2433,
4640,0.48148148148148145,27,13,0,0,2433,
4641,0.48148148148148145,27,13,0,0,2433,
4642,0.48148148148148145,27,13,0,0,2433,
4643,0.48148148148148145,27,13,0,0,2446,
4644,0.42857142857142855,35,15,8,2,2454,
4645,0.42857142857142855,35,15,0,0,2453,
4646,0.42857142857142855,35,15,0,0,2460,
4647,0.42857142857142855,35,15,0,0,2460,
4648,0.42857142857142855,35,15,0,0,2460,
4649,0.42857142857142855,35,15,0,0,2460,
4650,0.42857142857142855,35,15,0,0,2468,
4651,0.42857142857142855,35,15,0,0,2467,
4652,0.42857142857142855,35,15,0,0,2469,
4653,0.42857142857142855,35,15,0,0,2469,
4654,0.42857142857142855,35,15,0,0,2471,
4655,0.42857142857142855,35,15,0,0,2473,
4656,0.42857142857142855,35,15,0,0,2474,
4657,0.42857142857142855,35,15,0,0,2474,
4658,0.42857142857142855,35,15,0,0,2475,
4659,0.42857142857142855,35,15,0,0,2475,
4660,0.42857142857142855,35,15,0,0,2480,
4661,0.42857142857142855,35,15,0,0,2480,
4662,0.48717948717948717,39,19,4,4,2481,
4663,0.48717948717948717,39,19,0,0,2485,
4664,0.48717948717948717,39,19,0,0,2485,
4665,0.48717948717948717,39,19,0,0,2485,
4666,0.48717948717948717,39,19,0,0,2486,
4667,0.48717948717948717,39,19,0,0,2486,
4668,0.5348837209302325,43,23,4,4,2486,
4669,0.5348837209302325,43,23,0,0,2487,
4670,0.5348837209302325,43,23,0,0,2487,
4671,0.5111111111111111,45,23,2,0,2491,
4672,0.5111111111111111,45,23,0,0,2491,
4673,0.5111111111111111,45,23,0,0,2491,
4674,0.46296296296296297,54,25,9,2,2492,
4675,0.46296296296296297,54,25,0,0,2493,
4676,0.46296296296296297,54,25,0,0,2493,
4677,0.46296296296296297,54,25,0,0,2493,
4678,0.46296296296296297,54,25,0,0,2493,
4679,0.46296296296296297,54,25,0,0,2493,
4680,0.46296296296296297,54,25,0,0,2493,
4681,0.46296296296296297,54,25,0,0,2494,
4682,0.46296296296296297,54,25,0,0,2494,
4683,0.46296296296296297,54,25,0,0,2494,
4684,0.46296296296296297,54,25,0,0,2495,
4685,0.48214285714285715,56,27,2,2,2498,
4686,0.48214285714285715,56,27,0,0,2499,
4687,0.48214285714285715,56,27,0,0,2502,
4688,0.48214285714285715,56,27,0,0,2502,
4689,0.48214285714285715,56,27,0,0,2503,
4690,0.48214285714285715,56,27,0,0,2503,
4691,0.48214285714285715,56,27,0,0,2503,
4692,0.48214285714285715,56,27,0,0,2503,
4693,0.48214285714285715,56,27,0,0,2503,
4694,0.48214285714285715,56,27,0,0,2503,
4695,0.48214285714285715,56,27,0,0,2503,
4696,0.48214285714285715,56,27,0,0,2503,
4697,0.48214285714285715,56,27,0,0,2503,
4698,0.48214285714285715,56,27,0,0,2503,
4699,0.48214285714285715,56,27,0,0,2503,
4700,0.48214285714285715,56,27,0,0,2503,
4701,0.48214285714285715,56,27,0,0,2503,
4702,0.48214285714285715,56,27,0,0,2504,
4703,0.48214285714285715,56,27,0,0,2505,
4704,0.48214285714285715,56,27,0,0,2505,
4705,0.48214285714285715,56,27,0,0,2509,
4706,0.48214285714285715,56,27,0,0,2509,
4707,0.48214285714285715,56,27,0,0,2509,
4708,0.48214285714285715,56,27,0,0,2510,
4709,0.48214285714285715,56,27,0,0,2512,
4710,0.49122807017543857,57,28,1,1,2512,
4711,0.4915254237288136,59,29,2,1,2512,
4712,0.4915254237288136,59,29,0,0,2512,
4713,0.4915254237288136,59,29,0,0,2514,
4714,0.4915254237288136,59,29,0,0,2515,
4715,0.4915254237288136,59,29,0,0,2517,
4716,0.4915254237288136,59,29,0,0,2517,
4717,0.4915254237288136,59,29,0,0,2517,
4718,0.4915254237288136,59,29,0,0,2517,
4719,0.4915254237288136,59,29,0,0,2517,
4720,0.4915254237288136,59,29,0,0,2517,
4721,0.4915254237288136,59,29,0,0,2517,
4722,0.4915254237288136,59,29,0,0,2516,
4723,0.4461538461538462,65,29,6,0,2516,
4724,0.6814159292035398,113,77,48,48,2516,
4725,0.6814159292035398,113,77,0,0,2517,
4726,0.6814159292035398,113,77,0,0,2518,
4727,0.6814159292035398,113,77,0,0,2519,
4728,0.6695652173913044,115,77,2,0,2517,
4729,0.6695652173913044,115,77,0,0,2517,
4730,0.680672268907563,119,81,4,4,2519,
4731,0.680672268907563,119,81,0,0,2520,
4732,0.680672268907563,119,81,0,0,2521,
4733,0.680672268907563,119,81,0,0,2521,
4734,0.680672268907563,119,81,0,0,2521,
4735,0.680672268907563,119,81,0,0,2521,
4736,0.680672268907563,119,81,0,0,2525,
4737,0.680672268907563,119,81,0,0,2525,
4738,0.680672268907563,119,81,0,0,2525,
4739,0.680672268907563,119,81,0,0,2526,
4740,0.680672268907563,119,81,0,0,2526,
4741,0.680672268907563,119,81,0,0,2526,
4742,0.680672268907563,119,81,0,0,2526,
4743,0.680672268907563,119,81,0,0,2526,
4744,0.680672268907563,119,81,0,0,2526,
4745,0.680672268907563,119,81,0,0,2527,
4746,0.680672268907563,119,81,0,0,2528,
4747,0.680672268907563,119,81,0,0,2537,
4748,0.680672268907563,119,81,0,0,2540,
