Revision,AggregateAccuracy,TotalPredictions,CorrectPredictions,TotalPredictionsPerRevision,CorrectPredictionsPreRevision,NumberOfWorkItems,

1201,NaN,0,0,0,0,766,
1202,NaN,0,0,0,0,766,
1203,NaN,0,0,0,0,766,
1204,NaN,0,0,0,0,766,
1205,NaN,0,0,0,0,766,
1206,NaN,0,0,0,0,766,
1207,NaN,0,0,0,0,766,
1208,NaN,0,0,0,0,766,
1209,NaN,0,0,0,0,766,
1210,NaN,0,0,0,0,766,
1211,NaN,0,0,0,0,766,
1212,NaN,0,0,0,0,766,
1213,NaN,0,0,0,0,766,
1214,NaN,0,0,0,0,766,
1215,NaN,0,0,0,0,766,
1216,NaN,0,0,0,0,766,
1217,NaN,0,0,0,0,766,
1218,NaN,0,0,0,0,766,
1219,NaN,0,0,0,0,766,
1220,NaN,0,0,0,0,766,
1221,NaN,0,0,0,0,766,
1222,NaN,0,0,0,0,766,
1223,NaN,0,0,0,0,766,
1224,NaN,0,0,0,0,766,
1225,NaN,0,0,0,0,766,
1226,NaN,0,0,0,0,766,
1227,NaN,0,0,0,0,766,
1228,NaN,0,0,0,0,766,
1229,NaN,0,0,0,0,766,
1230,NaN,0,0,0,0,766,
1231,NaN,0,0,0,0,766,
1232,NaN,0,0,0,0,766,
1233,NaN,0,0,0,0,766,
1234,NaN,0,0,0,0,766,
1235,NaN,0,0,0,0,766,
1236,NaN,0,0,0,0,766,
1237,NaN,0,0,0,0,766,
1238,NaN,0,0,0,0,766,
1239,NaN,0,0,0,0,766,
1240,NaN,0,0,0,0,766,
1241,NaN,0,0,0,0,766,
1242,NaN,0,0,0,0,766,
1243,NaN,0,0,0,0,766,
1244,NaN,0,0,0,0,766,
1245,NaN,0,0,0,0,766,
1246,NaN,0,0,0,0,766,
1247,NaN,0,0,0,0,766,
1248,NaN,0,0,0,0,766,
1249,NaN,0,0,0,0,766,
1250,NaN,0,0,0,0,766,
1251,NaN,0,0,0,0,766,
1252,NaN,0,0,0,0,766,
1253,NaN,0,0,0,0,766,
1254,NaN,0,0,0,0,766,
1255,NaN,0,0,0,0,766,
1256,NaN,0,0,0,0,766,
1257,NaN,0,0,0,0,766,
1258,NaN,0,0,0,0,766,
1259,NaN,0,0,0,0,766,
1260,NaN,0,0,0,0,766,
1261,NaN,0,0,0,0,766,
1262,NaN,0,0,0,0,766,
1263,NaN,0,0,0,0,766,
1264,NaN,0,0,0,0,766,
1265,NaN,0,0,0,0,766,
1266,NaN,0,0,0,0,766,
1267,NaN,0,0,0,0,766,
1268,NaN,0,0,0,0,766,
1269,NaN,0,0,0,0,766,
1270,NaN,0,0,0,0,766,
1271,NaN,0,0,0,0,766,
1272,NaN,0,0,0,0,766,
1273,NaN,0,0,0,0,766,
1274,NaN,0,0,0,0,766,
1275,NaN,0,0,0,0,766,
1276,NaN,0,0,0,0,766,
1277,NaN,0,0,0,0,766,
1278,NaN,0,0,0,0,766,
1279,NaN,0,0,0,0,766,
1280,NaN,0,0,0,0,766,
1281,NaN,0,0,0,0,766,
1282,NaN,0,0,0,0,766,
1283,NaN,0,0,0,0,766,
1284,NaN,0,0,0,0,766,
1285,NaN,0,0,0,0,766,
1286,NaN,0,0,0,0,766,
1287,NaN,0,0,0,0,766,
1288,NaN,0,0,0,0,766,
1289,NaN,0,0,0,0,766,
1290,NaN,0,0,0,0,766,
1291,NaN,0,0,0,0,766,
1292,NaN,0,0,0,0,766,
1293,NaN,0,0,0,0,766,
1294,NaN,0,0,0,0,766,
1295,NaN,0,0,0,0,766,
1296,NaN,0,0,0,0,766,
1297,NaN,0,0,0,0,766,
1298,NaN,0,0,0,0,766,
1299,NaN,0,0,0,0,766,
1300,NaN,0,0,0,0,766,
1301,NaN,0,0,0,0,766,
1302,NaN,0,0,0,0,765,
1303,NaN,0,0,0,0,766,
1304,NaN,0,0,0,0,766,
1305,NaN,0,0,0,0,767,
1306,NaN,0,0,0,0,766,
1307,NaN,0,0,0,0,766,
1308,NaN,0,0,0,0,766,
1309,NaN,0,0,0,0,766,
1310,NaN,0,0,0,0,766,
1311,NaN,0,0,0,0,766,
1312,NaN,0,0,0,0,766,
