Revision,AggregateAccuracy,TotalPredictions,CorrectPredictions,TotalPredictionsPerRevision,CorrectPredictionsPreRevision,NumberOfWorkItems,

1,NaN,0,0,0,0,766,
2,NaN,0,0,0,0,766,
3,NaN,0,0,0,0,766,
4,NaN,0,0,0,0,766,
5,NaN,0,0,0,0,766,
6,NaN,0,0,0,0,766,
7,NaN,0,0,0,0,766,
8,NaN,0,0,0,0,766,
9,NaN,0,0,0,0,766,
10,NaN,0,0,0,0,766,
11,NaN,0,0,0,0,766,
12,NaN,0,0,0,0,766,
13,NaN,0,0,0,0,766,
14,NaN,0,0,0,0,766,
15,NaN,0,0,0,0,766,
16,NaN,0,0,0,0,766,
17,NaN,0,0,0,0,766,
18,NaN,0,0,0,0,766,
19,NaN,0,0,0,0,766,
20,NaN,0,0,0,0,766,
21,NaN,0,0,0,0,766,
22,NaN,0,0,0,0,766,
23,NaN,0,0,0,0,766,
24,NaN,0,0,0,0,766,
25,NaN,0,0,0,0,766,
26,NaN,0,0,0,0,766,
27,NaN,0,0,0,0,766,
28,NaN,0,0,0,0,766,
29,NaN,0,0,0,0,766,
30,NaN,0,0,0,0,766,
31,NaN,0,0,0,0,766,
32,NaN,0,0,0,0,766,
33,NaN,0,0,0,0,766,
34,NaN,0,0,0,0,766,
35,NaN,0,0,0,0,766,
36,NaN,0,0,0,0,766,
37,NaN,0,0,0,0,766,
38,NaN,0,0,0,0,766,
39,NaN,0,0,0,0,766,
40,NaN,0,0,0,0,766,
41,NaN,0,0,0,0,766,
42,NaN,0,0,0,0,766,
43,NaN,0,0,0,0,766,
44,NaN,0,0,0,0,766,
45,NaN,0,0,0,0,766,
46,NaN,0,0,0,0,766,
47,NaN,0,0,0,0,766,
48,NaN,0,0,0,0,766,
49,NaN,0,0,0,0,766,
50,NaN,0,0,0,0,766,
51,NaN,0,0,0,0,766,
52,NaN,0,0,0,0,766,
53,NaN,0,0,0,0,766,
54,NaN,0,0,0,0,766,
55,NaN,0,0,0,0,766,
56,NaN,0,0,0,0,766,
57,NaN,0,0,0,0,766,
58,NaN,0,0,0,0,766,
59,NaN,0,0,0,0,766,
60,NaN,0,0,0,0,766,
61,NaN,0,0,0,0,766,
62,NaN,0,0,0,0,766,
63,NaN,0,0,0,0,766,
64,NaN,0,0,0,0,766,
65,NaN,0,0,0,0,766,
66,NaN,0,0,0,0,766,
67,NaN,0,0,0,0,766,
68,NaN,0,0,0,0,766,
69,NaN,0,0,0,0,766,
70,NaN,0,0,0,0,766,
71,NaN,0,0,0,0,766,
72,NaN,0,0,0,0,766,
73,NaN,0,0,0,0,766,
74,NaN,0,0,0,0,766,
75,NaN,0,0,0,0,766,
76,NaN,0,0,0,0,766,
77,NaN,0,0,0,0,766,
78,NaN,0,0,0,0,766,
79,NaN,0,0,0,0,766,
80,NaN,0,0,0,0,766,
81,NaN,0,0,0,0,766,
82,NaN,0,0,0,0,766,
83,NaN,0,0,0,0,766,
84,NaN,0,0,0,0,766,
85,NaN,0,0,0,0,766,
86,NaN,0,0,0,0,766,
87,NaN,0,0,0,0,766,
88,NaN,0,0,0,0,766,
89,NaN,0,0,0,0,766,
90,NaN,0,0,0,0,766,
91,NaN,0,0,0,0,766,
92,NaN,0,0,0,0,766,
93,NaN,0,0,0,0,766,
94,NaN,0,0,0,0,766,
95,NaN,0,0,0,0,766,
96,NaN,0,0,0,0,766,
97,NaN,0,0,0,0,766,
98,NaN,0,0,0,0,766,
99,NaN,0,0,0,0,766,
100,NaN,0,0,0,0,766,
101,NaN,0,0,0,0,766,
102,NaN,0,0,0,0,766,
103,NaN,0,0,0,0,766,
104,NaN,0,0,0,0,766,
105,NaN,0,0,0,0,766,
106,NaN,0,0,0,0,766,
107,NaN,0,0,0,0,766,
108,NaN,0,0,0,0,766,
109,NaN,0,0,0,0,766,
110,NaN,0,0,0,0,766,
111,NaN,0,0,0,0,766,
112,NaN,0,0,0,0,766,
113,NaN,0,0,0,0,766,
114,NaN,0,0,0,0,766,
115,NaN,0,0,0,0,766,
116,NaN,0,0,0,0,766,
117,NaN,0,0,0,0,766,
118,NaN,0,0,0,0,766,
119,NaN,0,0,0,0,766,
120,NaN,0,0,0,0,766,
121,NaN,0,0,0,0,766,
122,NaN,0,0,0,0,766,
123,NaN,0,0,0,0,766,
124,NaN,0,0,0,0,766,
125,NaN,0,0,0,0,766,
126,NaN,0,0,0,0,766,
127,NaN,0,0,0,0,766,
128,NaN,0,0,0,0,766,
129,NaN,0,0,0,0,766,
130,NaN,0,0,0,0,766,
131,NaN,0,0,0,0,766,
132,NaN,0,0,0,0,766,
133,NaN,0,0,0,0,766,
134,NaN,0,0,0,0,766,
135,NaN,0,0,0,0,766,
136,NaN,0,0,0,0,766,
137,NaN,0,0,0,0,766,
138,NaN,0,0,0,0,766,
139,NaN,0,0,0,0,766,
140,NaN,0,0,0,0,766,
141,NaN,0,0,0,0,766,
142,NaN,0,0,0,0,766,
143,NaN,0,0,0,0,766,
144,NaN,0,0,0,0,766,
145,NaN,0,0,0,0,766,
146,NaN,0,0,0,0,766,
147,NaN,0,0,0,0,766,
148,NaN,0,0,0,0,766,
149,NaN,0,0,0,0,766,
150,NaN,0,0,0,0,766,
151,NaN,0,0,0,0,766,
152,NaN,0,0,0,0,766,
153,NaN,0,0,0,0,766,
154,NaN,0,0,0,0,766,
155,NaN,0,0,0,0,766,
156,NaN,0,0,0,0,766,
157,NaN,0,0,0,0,766,
158,NaN,0,0,0,0,766,
159,NaN,0,0,0,0,766,
160,NaN,0,0,0,0,766,
161,NaN,0,0,0,0,766,
162,NaN,0,0,0,0,766,
163,NaN,0,0,0,0,766,
164,NaN,0,0,0,0,766,
165,NaN,0,0,0,0,766,
166,NaN,0,0,0,0,766,
167,NaN,0,0,0,0,766,
168,NaN,0,0,0,0,766,
169,NaN,0,0,0,0,766,
170,NaN,0,0,0,0,766,
171,NaN,0,0,0,0,766,
172,NaN,0,0,0,0,766,
173,NaN,0,0,0,0,766,
174,NaN,0,0,0,0,766,
175,NaN,0,0,0,0,766,
176,NaN,0,0,0,0,766,
177,NaN,0,0,0,0,766,
178,NaN,0,0,0,0,766,
179,NaN,0,0,0,0,766,
180,NaN,0,0,0,0,766,
181,NaN,0,0,0,0,766,
182,NaN,0,0,0,0,766,
183,NaN,0,0,0,0,766,
184,NaN,0,0,0,0,766,
185,NaN,0,0,0,0,766,
186,NaN,0,0,0,0,766,
187,NaN,0,0,0,0,766,
188,NaN,0,0,0,0,766,
189,NaN,0,0,0,0,766,
190,NaN,0,0,0,0,766,
191,NaN,0,0,0,0,766,
192,NaN,0,0,0,0,766,
193,NaN,0,0,0,0,766,
194,NaN,0,0,0,0,766,
195,NaN,0,0,0,0,766,
196,NaN,0,0,0,0,766,
197,NaN,0,0,0,0,766,
198,NaN,0,0,0,0,766,
199,NaN,0,0,0,0,766,
200,NaN,0,0,0,0,766,
201,NaN,0,0,0,0,766,
202,NaN,0,0,0,0,766,
203,NaN,0,0,0,0,766,
204,NaN,0,0,0,0,766,
205,NaN,0,0,0,0,766,
206,NaN,0,0,0,0,766,
207,NaN,0,0,0,0,766,
208,NaN,0,0,0,0,766,
209,NaN,0,0,0,0,766,
210,NaN,0,0,0,0,766,
211,NaN,0,0,0,0,766,
212,NaN,0,0,0,0,766,
213,NaN,0,0,0,0,766,
214,NaN,0,0,0,0,766,
215,NaN,0,0,0,0,766,
216,NaN,0,0,0,0,766,
217,NaN,0,0,0,0,766,
218,NaN,0,0,0,0,766,
219,NaN,0,0,0,0,766,
220,NaN,0,0,0,0,766,
221,NaN,0,0,0,0,766,
222,NaN,0,0,0,0,766,
223,NaN,0,0,0,0,766,
224,NaN,0,0,0,0,766,
225,NaN,0,0,0,0,766,
226,NaN,0,0,0,0,766,
227,NaN,0,0,0,0,766,
228,NaN,0,0,0,0,766,
229,NaN,0,0,0,0,766,
230,NaN,0,0,0,0,766,
231,NaN,0,0,0,0,766,
232,NaN,0,0,0,0,766,
233,NaN,0,0,0,0,766,
234,NaN,0,0,0,0,766,
235,NaN,0,0,0,0,766,
236,NaN,0,0,0,0,766,
237,NaN,0,0,0,0,766,
238,NaN,0,0,0,0,766,
239,NaN,0,0,0,0,766,
240,NaN,0,0,0,0,766,
241,NaN,0,0,0,0,766,
242,NaN,0,0,0,0,766,
243,NaN,0,0,0,0,766,
244,NaN,0,0,0,0,766,
245,NaN,0,0,0,0,766,
246,NaN,0,0,0,0,766,
247,NaN,0,0,0,0,766,
248,NaN,0,0,0,0,766,
249,NaN,0,0,0,0,766,
250,NaN,0,0,0,0,766,
251,NaN,0,0,0,0,766,
252,NaN,0,0,0,0,766,
253,NaN,0,0,0,0,766,
254,NaN,0,0,0,0,766,
255,NaN,0,0,0,0,766,
256,NaN,0,0,0,0,766,
257,NaN,0,0,0,0,766,
258,NaN,0,0,0,0,766,
259,NaN,0,0,0,0,766,
260,NaN,0,0,0,0,766,
261,NaN,0,0,0,0,766,
262,NaN,0,0,0,0,766,
263,NaN,0,0,0,0,766,
264,NaN,0,0,0,0,766,
265,NaN,0,0,0,0,766,
266,NaN,0,0,0,0,766,
267,NaN,0,0,0,0,766,
268,NaN,0,0,0,0,766,
269,NaN,0,0,0,0,766,
270,NaN,0,0,0,0,766,
271,NaN,0,0,0,0,766,
272,NaN,0,0,0,0,766,
273,NaN,0,0,0,0,766,
274,NaN,0,0,0,0,766,
275,NaN,0,0,0,0,766,
276,NaN,0,0,0,0,766,
277,NaN,0,0,0,0,766,
278,NaN,0,0,0,0,766,
279,NaN,0,0,0,0,766,
280,NaN,0,0,0,0,766,
281,NaN,0,0,0,0,766,
282,NaN,0,0,0,0,766,
283,NaN,0,0,0,0,766,
284,NaN,0,0,0,0,766,
285,NaN,0,0,0,0,766,
286,NaN,0,0,0,0,766,
287,NaN,0,0,0,0,766,
288,NaN,0,0,0,0,766,
289,NaN,0,0,0,0,766,
290,NaN,0,0,0,0,766,
291,NaN,0,0,0,0,766,
292,NaN,0,0,0,0,766,
293,NaN,0,0,0,0,766,
294,NaN,0,0,0,0,766,
295,NaN,0,0,0,0,766,
296,NaN,0,0,0,0,766,
297,NaN,0,0,0,0,766,
298,NaN,0,0,0,0,766,
299,NaN,0,0,0,0,766,
300,NaN,0,0,0,0,766,
301,NaN,0,0,0,0,766,
302,NaN,0,0,0,0,766,
303,NaN,0,0,0,0,766,
304,NaN,0,0,0,0,766,
305,NaN,0,0,0,0,766,
306,NaN,0,0,0,0,766,
307,NaN,0,0,0,0,766,
308,NaN,0,0,0,0,766,
309,NaN,0,0,0,0,766,
310,NaN,0,0,0,0,766,
311,NaN,0,0,0,0,766,
312,NaN,0,0,0,0,766,
313,NaN,0,0,0,0,766,
314,NaN,0,0,0,0,766,
315,NaN,0,0,0,0,766,
316,NaN,0,0,0,0,766,
317,NaN,0,0,0,0,766,
318,NaN,0,0,0,0,766,
319,NaN,0,0,0,0,766,
320,NaN,0,0,0,0,766,
321,NaN,0,0,0,0,766,
322,NaN,0,0,0,0,766,
323,NaN,0,0,0,0,766,
324,NaN,0,0,0,0,766,
325,NaN,0,0,0,0,766,
326,NaN,0,0,0,0,766,
327,NaN,0,0,0,0,766,
328,NaN,0,0,0,0,766,
329,NaN,0,0,0,0,766,
330,NaN,0,0,0,0,766,
331,NaN,0,0,0,0,766,
332,NaN,0,0,0,0,766,
333,NaN,0,0,0,0,766,
334,NaN,0,0,0,0,766,
335,NaN,0,0,0,0,766,
336,NaN,0,0,0,0,766,
337,NaN,0,0,0,0,766,
338,NaN,0,0,0,0,766,
339,NaN,0,0,0,0,766,
340,NaN,0,0,0,0,766,
341,NaN,0,0,0,0,766,
342,NaN,0,0,0,0,766,
343,NaN,0,0,0,0,766,
344,NaN,0,0,0,0,766,
345,NaN,0,0,0,0,766,
346,NaN,0,0,0,0,766,
347,NaN,0,0,0,0,766,
348,NaN,0,0,0,0,766,
349,NaN,0,0,0,0,766,
350,NaN,0,0,0,0,766,
351,NaN,0,0,0,0,766,
352,NaN,0,0,0,0,766,
353,NaN,0,0,0,0,766,
354,NaN,0,0,0,0,766,
355,NaN,0,0,0,0,766,
356,NaN,0,0,0,0,766,
357,NaN,0,0,0,0,766,
358,NaN,0,0,0,0,766,
359,NaN,0,0,0,0,766,
360,NaN,0,0,0,0,766,
361,NaN,0,0,0,0,766,
362,NaN,0,0,0,0,766,
363,NaN,0,0,0,0,766,
364,NaN,0,0,0,0,766,
365,NaN,0,0,0,0,766,
366,NaN,0,0,0,0,766,
367,NaN,0,0,0,0,766,
368,NaN,0,0,0,0,766,
369,NaN,0,0,0,0,766,
370,NaN,0,0,0,0,766,
371,NaN,0,0,0,0,766,
372,NaN,0,0,0,0,766,
373,NaN,0,0,0,0,766,
374,NaN,0,0,0,0,766,
375,NaN,0,0,0,0,766,
376,NaN,0,0,0,0,766,
377,NaN,0,0,0,0,766,
378,NaN,0,0,0,0,766,
379,NaN,0,0,0,0,766,
380,NaN,0,0,0,0,766,
381,NaN,0,0,0,0,766,
382,NaN,0,0,0,0,766,
383,NaN,0,0,0,0,766,
384,NaN,0,0,0,0,766,
385,NaN,0,0,0,0,766,
386,NaN,0,0,0,0,766,
387,NaN,0,0,0,0,766,
388,NaN,0,0,0,0,766,
389,NaN,0,0,0,0,766,
390,NaN,0,0,0,0,766,
391,NaN,0,0,0,0,766,
392,NaN,0,0,0,0,766,
393,NaN,0,0,0,0,766,
394,NaN,0,0,0,0,766,
395,NaN,0,0,0,0,766,
396,NaN,0,0,0,0,766,
397,NaN,0,0,0,0,766,
398,NaN,0,0,0,0,766,
399,NaN,0,0,0,0,766,
400,NaN,0,0,0,0,766,
401,NaN,0,0,0,0,766,
402,NaN,0,0,0,0,766,
403,NaN,0,0,0,0,766,
404,NaN,0,0,0,0,766,
405,NaN,0,0,0,0,766,
406,NaN,0,0,0,0,766,
407,NaN,0,0,0,0,766,
408,NaN,0,0,0,0,766,
409,NaN,0,0,0,0,766,
410,NaN,0,0,0,0,766,
411,NaN,0,0,0,0,766,
412,NaN,0,0,0,0,766,
413,NaN,0,0,0,0,766,
414,NaN,0,0,0,0,766,
415,NaN,0,0,0,0,766,
416,NaN,0,0,0,0,766,
417,NaN,0,0,0,0,766,
418,NaN,0,0,0,0,766,
419,NaN,0,0,0,0,766,
420,NaN,0,0,0,0,766,
421,NaN,0,0,0,0,766,
422,NaN,0,0,0,0,766,
423,NaN,0,0,0,0,766,
424,NaN,0,0,0,0,766,
425,NaN,0,0,0,0,766,
426,NaN,0,0,0,0,766,
427,NaN,0,0,0,0,766,
428,NaN,0,0,0,0,766,
429,NaN,0,0,0,0,766,
430,NaN,0,0,0,0,766,
431,NaN,0,0,0,0,766,
432,NaN,0,0,0,0,766,
433,NaN,0,0,0,0,766,
434,NaN,0,0,0,0,766,
435,NaN,0,0,0,0,766,
436,NaN,0,0,0,0,766,
437,NaN,0,0,0,0,766,
438,NaN,0,0,0,0,766,
439,NaN,0,0,0,0,766,
440,NaN,0,0,0,0,766,
441,NaN,0,0,0,0,766,
442,NaN,0,0,0,0,766,
443,NaN,0,0,0,0,766,
444,NaN,0,0,0,0,766,
445,NaN,0,0,0,0,766,
446,NaN,0,0,0,0,766,
447,NaN,0,0,0,0,766,
448,NaN,0,0,0,0,766,
449,NaN,0,0,0,0,766,
450,NaN,0,0,0,0,766,
451,NaN,0,0,0,0,766,
452,NaN,0,0,0,0,766,
453,NaN,0,0,0,0,766,
454,NaN,0,0,0,0,766,
455,NaN,0,0,0,0,766,
456,NaN,0,0,0,0,766,
457,NaN,0,0,0,0,766,
458,NaN,0,0,0,0,766,
459,NaN,0,0,0,0,766,
460,NaN,0,0,0,0,766,
461,NaN,0,0,0,0,766,
462,NaN,0,0,0,0,766,
463,NaN,0,0,0,0,766,
464,NaN,0,0,0,0,766,
465,NaN,0,0,0,0,766,
466,NaN,0,0,0,0,766,
467,NaN,0,0,0,0,766,
468,NaN,0,0,0,0,766,
469,NaN,0,0,0,0,766,
470,NaN,0,0,0,0,766,
471,NaN,0,0,0,0,766,
472,NaN,0,0,0,0,766,
473,NaN,0,0,0,0,766,
474,NaN,0,0,0,0,766,
475,NaN,0,0,0,0,766,
476,NaN,0,0,0,0,766,
477,NaN,0,0,0,0,766,
478,NaN,0,0,0,0,766,
479,NaN,0,0,0,0,766,
480,NaN,0,0,0,0,766,
481,NaN,0,0,0,0,766,
482,NaN,0,0,0,0,766,
483,NaN,0,0,0,0,766,
484,NaN,0,0,0,0,766,
485,NaN,0,0,0,0,766,
486,NaN,0,0,0,0,766,
487,NaN,0,0,0,0,766,
488,NaN,0,0,0,0,766,
489,NaN,0,0,0,0,766,
490,NaN,0,0,0,0,766,
491,NaN,0,0,0,0,766,
492,NaN,0,0,0,0,766,
493,NaN,0,0,0,0,766,
494,NaN,0,0,0,0,766,
495,NaN,0,0,0,0,766,
496,NaN,0,0,0,0,766,
497,NaN,0,0,0,0,766,
498,NaN,0,0,0,0,766,
499,NaN,0,0,0,0,766,
500,NaN,0,0,0,0,766,
501,NaN,0,0,0,0,766,
502,NaN,0,0,0,0,766,
503,NaN,0,0,0,0,766,
504,NaN,0,0,0,0,766,
505,NaN,0,0,0,0,766,
506,NaN,0,0,0,0,766,
507,NaN,0,0,0,0,766,
508,NaN,0,0,0,0,766,
509,NaN,0,0,0,0,766,
510,NaN,0,0,0,0,766,
511,NaN,0,0,0,0,766,
512,NaN,0,0,0,0,766,
513,NaN,0,0,0,0,766,
514,NaN,0,0,0,0,766,
515,NaN,0,0,0,0,766,
516,NaN,0,0,0,0,766,
517,NaN,0,0,0,0,766,
518,NaN,0,0,0,0,766,
519,NaN,0,0,0,0,766,
520,NaN,0,0,0,0,766,
521,NaN,0,0,0,0,766,
522,NaN,0,0,0,0,766,
523,NaN,0,0,0,0,766,
524,NaN,0,0,0,0,766,
525,NaN,0,0,0,0,766,
526,NaN,0,0,0,0,766,
527,NaN,0,0,0,0,766,
528,NaN,0,0,0,0,766,
529,NaN,0,0,0,0,766,
530,NaN,0,0,0,0,766,
531,NaN,0,0,0,0,766,
532,NaN,0,0,0,0,766,
533,NaN,0,0,0,0,766,
534,NaN,0,0,0,0,766,
535,NaN,0,0,0,0,766,
536,NaN,0,0,0,0,766,
537,NaN,0,0,0,0,766,
538,NaN,0,0,0,0,766,
539,NaN,0,0,0,0,766,
540,NaN,0,0,0,0,766,
541,NaN,0,0,0,0,766,
542,NaN,0,0,0,0,766,
543,NaN,0,0,0,0,766,
544,NaN,0,0,0,0,766,
545,NaN,0,0,0,0,766,
546,NaN,0,0,0,0,766,
547,NaN,0,0,0,0,766,
548,NaN,0,0,0,0,766,
549,NaN,0,0,0,0,766,
550,NaN,0,0,0,0,766,
551,NaN,0,0,0,0,766,
552,NaN,0,0,0,0,766,
553,NaN,0,0,0,0,766,
554,NaN,0,0,0,0,766,
555,NaN,0,0,0,0,766,
556,NaN,0,0,0,0,766,
557,NaN,0,0,0,0,766,
558,NaN,0,0,0,0,766,
559,NaN,0,0,0,0,766,
560,NaN,0,0,0,0,766,
561,NaN,0,0,0,0,766,
562,NaN,0,0,0,0,766,
563,NaN,0,0,0,0,766,
564,NaN,0,0,0,0,766,
565,NaN,0,0,0,0,766,
566,NaN,0,0,0,0,766,
567,NaN,0,0,0,0,766,
568,NaN,0,0,0,0,766,
569,NaN,0,0,0,0,766,
570,NaN,0,0,0,0,766,
571,NaN,0,0,0,0,766,
572,NaN,0,0,0,0,766,
573,NaN,0,0,0,0,766,
574,NaN,0,0,0,0,766,
575,NaN,0,0,0,0,766,
576,NaN,0,0,0,0,766,
577,NaN,0,0,0,0,766,
578,NaN,0,0,0,0,766,
579,NaN,0,0,0,0,766,
580,NaN,0,0,0,0,766,
581,NaN,0,0,0,0,766,
582,NaN,0,0,0,0,766,
583,NaN,0,0,0,0,766,
584,NaN,0,0,0,0,766,
585,NaN,0,0,0,0,766,
586,NaN,0,0,0,0,766,
587,NaN,0,0,0,0,766,
588,NaN,0,0,0,0,766,
589,NaN,0,0,0,0,766,
590,NaN,0,0,0,0,766,
591,NaN,0,0,0,0,766,
592,NaN,0,0,0,0,766,
593,NaN,0,0,0,0,766,
594,NaN,0,0,0,0,766,
595,NaN,0,0,0,0,766,
596,NaN,0,0,0,0,766,
597,NaN,0,0,0,0,766,
598,NaN,0,0,0,0,766,
599,NaN,0,0,0,0,766,
600,NaN,0,0,0,0,766,
601,NaN,0,0,0,0,766,
602,NaN,0,0,0,0,766,
603,NaN,0,0,0,0,766,
604,NaN,0,0,0,0,766,
605,NaN,0,0,0,0,766,
606,NaN,0,0,0,0,766,
607,NaN,0,0,0,0,766,
608,NaN,0,0,0,0,766,
609,NaN,0,0,0,0,766,
610,NaN,0,0,0,0,766,
611,NaN,0,0,0,0,766,
612,NaN,0,0,0,0,766,
613,NaN,0,0,0,0,766,
614,NaN,0,0,0,0,766,
615,NaN,0,0,0,0,766,
616,NaN,0,0,0,0,766,
617,NaN,0,0,0,0,766,
618,NaN,0,0,0,0,766,
619,NaN,0,0,0,0,766,
620,NaN,0,0,0,0,766,
621,NaN,0,0,0,0,766,
622,NaN,0,0,0,0,766,
623,NaN,0,0,0,0,766,
624,NaN,0,0,0,0,766,
625,NaN,0,0,0,0,766,
626,NaN,0,0,0,0,766,
627,NaN,0,0,0,0,766,
628,NaN,0,0,0,0,766,
629,NaN,0,0,0,0,766,
630,NaN,0,0,0,0,766,
631,NaN,0,0,0,0,766,
632,NaN,0,0,0,0,766,
633,NaN,0,0,0,0,766,
634,NaN,0,0,0,0,766,
635,NaN,0,0,0,0,766,
636,NaN,0,0,0,0,766,
637,NaN,0,0,0,0,766,
638,NaN,0,0,0,0,766,
639,NaN,0,0,0,0,766,
640,NaN,0,0,0,0,766,
641,NaN,0,0,0,0,766,
642,NaN,0,0,0,0,766,
643,NaN,0,0,0,0,766,
644,NaN,0,0,0,0,766,
645,NaN,0,0,0,0,766,
646,NaN,0,0,0,0,766,
647,NaN,0,0,0,0,766,
648,NaN,0,0,0,0,766,
649,NaN,0,0,0,0,766,
650,NaN,0,0,0,0,766,
651,NaN,0,0,0,0,766,
652,NaN,0,0,0,0,766,
653,NaN,0,0,0,0,766,
654,NaN,0,0,0,0,766,
655,NaN,0,0,0,0,766,
656,NaN,0,0,0,0,766,
657,NaN,0,0,0,0,766,
658,NaN,0,0,0,0,766,
659,NaN,0,0,0,0,766,
660,NaN,0,0,0,0,766,
661,NaN,0,0,0,0,766,
662,NaN,0,0,0,0,766,
663,NaN,0,0,0,0,766,
664,NaN,0,0,0,0,766,
665,NaN,0,0,0,0,766,
666,NaN,0,0,0,0,766,
667,NaN,0,0,0,0,766,
668,NaN,0,0,0,0,766,
669,NaN,0,0,0,0,766,
670,NaN,0,0,0,0,766,
671,NaN,0,0,0,0,766,
672,NaN,0,0,0,0,766,
673,NaN,0,0,0,0,766,
674,NaN,0,0,0,0,766,
675,NaN,0,0,0,0,766,
676,NaN,0,0,0,0,766,
677,NaN,0,0,0,0,766,
678,NaN,0,0,0,0,766,
679,NaN,0,0,0,0,766,
680,NaN,0,0,0,0,766,
681,NaN,0,0,0,0,766,
682,NaN,0,0,0,0,766,
683,NaN,0,0,0,0,766,
684,NaN,0,0,0,0,766,
685,NaN,0,0,0,0,766,
686,NaN,0,0,0,0,766,
687,NaN,0,0,0,0,766,
688,NaN,0,0,0,0,766,
689,NaN,0,0,0,0,766,
690,NaN,0,0,0,0,766,
691,NaN,0,0,0,0,766,
692,NaN,0,0,0,0,766,
693,NaN,0,0,0,0,766,
694,NaN,0,0,0,0,766,
695,NaN,0,0,0,0,766,
696,NaN,0,0,0,0,766,
697,NaN,0,0,0,0,766,
698,NaN,0,0,0,0,766,
699,NaN,0,0,0,0,766,
700,NaN,0,0,0,0,766,
701,NaN,0,0,0,0,766,
702,NaN,0,0,0,0,766,
703,NaN,0,0,0,0,766,
704,NaN,0,0,0,0,766,
705,NaN,0,0,0,0,766,
706,NaN,0,0,0,0,766,
707,NaN,0,0,0,0,766,
708,NaN,0,0,0,0,766,
709,NaN,0,0,0,0,766,
710,NaN,0,0,0,0,766,
711,NaN,0,0,0,0,766,
712,NaN,0,0,0,0,766,
713,NaN,0,0,0,0,766,
714,NaN,0,0,0,0,766,
715,NaN,0,0,0,0,766,
716,NaN,0,0,0,0,766,
717,NaN,0,0,0,0,766,
718,NaN,0,0,0,0,766,
719,NaN,0,0,0,0,766,
720,NaN,0,0,0,0,766,
721,NaN,0,0,0,0,766,
722,NaN,0,0,0,0,766,
723,NaN,0,0,0,0,766,
724,NaN,0,0,0,0,766,
725,NaN,0,0,0,0,766,
726,NaN,0,0,0,0,766,
727,NaN,0,0,0,0,766,
728,NaN,0,0,0,0,766,
729,NaN,0,0,0,0,766,
730,NaN,0,0,0,0,766,
731,NaN,0,0,0,0,766,
732,NaN,0,0,0,0,766,
733,NaN,0,0,0,0,766,
734,NaN,0,0,0,0,766,
735,NaN,0,0,0,0,766,
736,NaN,0,0,0,0,766,
737,NaN,0,0,0,0,766,
738,NaN,0,0,0,0,766,
739,NaN,0,0,0,0,766,
740,NaN,0,0,0,0,766,
741,NaN,0,0,0,0,766,
742,NaN,0,0,0,0,766,
743,NaN,0,0,0,0,766,
744,NaN,0,0,0,0,766,
745,NaN,0,0,0,0,766,
746,NaN,0,0,0,0,766,
747,NaN,0,0,0,0,766,
748,NaN,0,0,0,0,766,
749,NaN,0,0,0,0,766,
750,NaN,0,0,0,0,766,
751,NaN,0,0,0,0,766,
752,NaN,0,0,0,0,766,
753,NaN,0,0,0,0,766,
754,NaN,0,0,0,0,766,
755,NaN,0,0,0,0,766,
756,NaN,0,0,0,0,766,
757,NaN,0,0,0,0,766,
758,NaN,0,0,0,0,766,
759,NaN,0,0,0,0,766,
760,NaN,0,0,0,0,766,
761,NaN,0,0,0,0,766,
762,NaN,0,0,0,0,766,
763,NaN,0,0,0,0,766,
764,NaN,0,0,0,0,766,
765,NaN,0,0,0,0,766,
766,NaN,0,0,0,0,766,
767,NaN,0,0,0,0,766,
768,NaN,0,0,0,0,766,
769,NaN,0,0,0,0,766,
770,NaN,0,0,0,0,766,
771,NaN,0,0,0,0,766,
772,NaN,0,0,0,0,766,
773,NaN,0,0,0,0,766,
774,NaN,0,0,0,0,766,
775,NaN,0,0,0,0,766,
776,NaN,0,0,0,0,766,
777,NaN,0,0,0,0,766,
778,NaN,0,0,0,0,766,
779,NaN,0,0,0,0,766,
780,NaN,0,0,0,0,766,
781,NaN,0,0,0,0,766,
782,NaN,0,0,0,0,766,
783,NaN,0,0,0,0,766,
784,NaN,0,0,0,0,766,
785,NaN,0,0,0,0,766,
786,NaN,0,0,0,0,766,
787,NaN,0,0,0,0,766,
788,NaN,0,0,0,0,766,
789,NaN,0,0,0,0,766,
790,NaN,0,0,0,0,766,
791,NaN,0,0,0,0,766,
792,NaN,0,0,0,0,766,
793,NaN,0,0,0,0,766,
794,NaN,0,0,0,0,766,
795,NaN,0,0,0,0,766,
796,NaN,0,0,0,0,766,
797,NaN,0,0,0,0,766,
798,NaN,0,0,0,0,766,
799,NaN,0,0,0,0,766,
800,NaN,0,0,0,0,766,
801,NaN,0,0,0,0,766,
802,NaN,0,0,0,0,766,
803,NaN,0,0,0,0,766,
804,NaN,0,0,0,0,766,
805,NaN,0,0,0,0,766,
806,NaN,0,0,0,0,766,
807,NaN,0,0,0,0,766,
808,NaN,0,0,0,0,766,
809,NaN,0,0,0,0,766,
810,NaN,0,0,0,0,766,
811,NaN,0,0,0,0,766,
812,NaN,0,0,0,0,766,
813,NaN,0,0,0,0,766,
814,NaN,0,0,0,0,766,
815,NaN,0,0,0,0,766,
816,NaN,0,0,0,0,766,
817,NaN,0,0,0,0,766,
818,NaN,0,0,0,0,766,
819,NaN,0,0,0,0,766,
820,NaN,0,0,0,0,766,
821,NaN,0,0,0,0,766,
822,NaN,0,0,0,0,766,
823,NaN,0,0,0,0,766,
824,NaN,0,0,0,0,766,
825,NaN,0,0,0,0,766,
826,NaN,0,0,0,0,766,
827,NaN,0,0,0,0,766,
828,NaN,0,0,0,0,766,
829,NaN,0,0,0,0,766,
830,NaN,0,0,0,0,766,
831,NaN,0,0,0,0,766,
832,NaN,0,0,0,0,766,
833,NaN,0,0,0,0,766,
834,NaN,0,0,0,0,766,
835,NaN,0,0,0,0,766,
836,NaN,0,0,0,0,766,
837,NaN,0,0,0,0,766,
838,NaN,0,0,0,0,766,
839,NaN,0,0,0,0,766,
840,NaN,0,0,0,0,766,
841,NaN,0,0,0,0,766,
842,NaN,0,0,0,0,766,
843,NaN,0,0,0,0,766,
844,NaN,0,0,0,0,766,
845,NaN,0,0,0,0,766,
846,NaN,0,0,0,0,766,
847,NaN,0,0,0,0,766,
848,NaN,0,0,0,0,766,
849,NaN,0,0,0,0,766,
850,NaN,0,0,0,0,766,
851,NaN,0,0,0,0,766,
852,NaN,0,0,0,0,766,
853,NaN,0,0,0,0,766,
854,NaN,0,0,0,0,766,
855,NaN,0,0,0,0,766,
856,NaN,0,0,0,0,766,
857,NaN,0,0,0,0,766,
858,NaN,0,0,0,0,766,
859,NaN,0,0,0,0,766,
860,NaN,0,0,0,0,766,
861,NaN,0,0,0,0,766,
862,NaN,0,0,0,0,766,
863,NaN,0,0,0,0,766,
864,NaN,0,0,0,0,766,
865,NaN,0,0,0,0,766,
866,NaN,0,0,0,0,766,
867,NaN,0,0,0,0,766,
868,NaN,0,0,0,0,766,
869,NaN,0,0,0,0,766,
870,NaN,0,0,0,0,766,
871,NaN,0,0,0,0,766,
872,NaN,0,0,0,0,766,
873,NaN,0,0,0,0,766,
874,NaN,0,0,0,0,766,
875,NaN,0,0,0,0,766,
876,NaN,0,0,0,0,766,
877,NaN,0,0,0,0,766,
878,NaN,0,0,0,0,766,
879,NaN,0,0,0,0,766,
880,NaN,0,0,0,0,766,
881,NaN,0,0,0,0,766,
882,NaN,0,0,0,0,766,
883,NaN,0,0,0,0,766,
884,NaN,0,0,0,0,766,
885,NaN,0,0,0,0,766,
886,NaN,0,0,0,0,766,
887,NaN,0,0,0,0,766,
888,NaN,0,0,0,0,766,
889,NaN,0,0,0,0,766,
890,NaN,0,0,0,0,766,
891,NaN,0,0,0,0,766,
892,NaN,0,0,0,0,766,
893,NaN,0,0,0,0,766,
894,NaN,0,0,0,0,766,
895,NaN,0,0,0,0,766,
896,NaN,0,0,0,0,766,
897,NaN,0,0,0,0,766,
898,NaN,0,0,0,0,766,
899,NaN,0,0,0,0,766,
900,NaN,0,0,0,0,766,
901,NaN,0,0,0,0,766,
902,NaN,0,0,0,0,766,
903,NaN,0,0,0,0,766,
904,NaN,0,0,0,0,766,
905,NaN,0,0,0,0,766,
906,NaN,0,0,0,0,766,
907,NaN,0,0,0,0,766,
908,NaN,0,0,0,0,766,
909,NaN,0,0,0,0,766,
910,NaN,0,0,0,0,766,
911,NaN,0,0,0,0,766,
912,NaN,0,0,0,0,766,
913,NaN,0,0,0,0,766,
914,NaN,0,0,0,0,766,
915,NaN,0,0,0,0,766,
916,NaN,0,0,0,0,766,
917,NaN,0,0,0,0,766,
918,NaN,0,0,0,0,766,
919,NaN,0,0,0,0,766,
920,NaN,0,0,0,0,766,
921,NaN,0,0,0,0,766,
922,NaN,0,0,0,0,766,
923,NaN,0,0,0,0,766,
924,NaN,0,0,0,0,766,
925,NaN,0,0,0,0,766,
926,NaN,0,0,0,0,766,
927,NaN,0,0,0,0,766,
928,NaN,0,0,0,0,766,
929,NaN,0,0,0,0,766,
930,NaN,0,0,0,0,766,
931,NaN,0,0,0,0,766,
932,NaN,0,0,0,0,766,
933,NaN,0,0,0,0,766,
934,NaN,0,0,0,0,766,
935,NaN,0,0,0,0,766,
936,NaN,0,0,0,0,766,
937,NaN,0,0,0,0,766,
938,NaN,0,0,0,0,766,
939,NaN,0,0,0,0,766,
940,NaN,0,0,0,0,766,
941,NaN,0,0,0,0,766,
942,NaN,0,0,0,0,766,
943,NaN,0,0,0,0,766,
944,NaN,0,0,0,0,766,
945,NaN,0,0,0,0,766,
946,NaN,0,0,0,0,766,
947,NaN,0,0,0,0,766,
948,NaN,0,0,0,0,766,
949,NaN,0,0,0,0,766,
950,NaN,0,0,0,0,766,
951,NaN,0,0,0,0,766,
952,NaN,0,0,0,0,766,
953,NaN,0,0,0,0,766,
954,NaN,0,0,0,0,766,
955,NaN,0,0,0,0,766,
956,NaN,0,0,0,0,766,
957,NaN,0,0,0,0,766,
958,NaN,0,0,0,0,766,
959,NaN,0,0,0,0,766,
960,NaN,0,0,0,0,766,
961,NaN,0,0,0,0,766,
962,NaN,0,0,0,0,766,
963,NaN,0,0,0,0,766,
964,NaN,0,0,0,0,766,
965,NaN,0,0,0,0,766,
966,NaN,0,0,0,0,766,
967,NaN,0,0,0,0,766,
968,NaN,0,0,0,0,766,
969,NaN,0,0,0,0,766,
970,NaN,0,0,0,0,766,
971,NaN,0,0,0,0,766,
972,NaN,0,0,0,0,766,
973,NaN,0,0,0,0,766,
974,NaN,0,0,0,0,766,
975,NaN,0,0,0,0,766,
976,NaN,0,0,0,0,766,
977,NaN,0,0,0,0,766,
978,NaN,0,0,0,0,766,
979,NaN,0,0,0,0,766,
980,NaN,0,0,0,0,766,
981,NaN,0,0,0,0,766,
982,NaN,0,0,0,0,766,
983,NaN,0,0,0,0,766,
984,NaN,0,0,0,0,766,
985,NaN,0,0,0,0,766,
986,NaN,0,0,0,0,766,
987,NaN,0,0,0,0,766,
988,NaN,0,0,0,0,766,
989,NaN,0,0,0,0,766,
990,NaN,0,0,0,0,766,
991,NaN,0,0,0,0,766,
992,NaN,0,0,0,0,766,
993,NaN,0,0,0,0,766,
994,NaN,0,0,0,0,766,
995,NaN,0,0,0,0,766,
996,NaN,0,0,0,0,766,
997,NaN,0,0,0,0,766,
998,NaN,0,0,0,0,766,
999,NaN,0,0,0,0,766,
1000,NaN,0,0,0,0,766,
1001,NaN,0,0,0,0,766,
1002,NaN,0,0,0,0,766,
1003,NaN,0,0,0,0,766,
1004,NaN,0,0,0,0,766,
1005,NaN,0,0,0,0,766,
1006,NaN,0,0,0,0,766,
1007,NaN,0,0,0,0,766,
1008,NaN,0,0,0,0,766,
1009,NaN,0,0,0,0,766,
1010,NaN,0,0,0,0,766,
1011,NaN,0,0,0,0,766,
1012,NaN,0,0,0,0,766,
1013,NaN,0,0,0,0,766,
1014,NaN,0,0,0,0,766,
1015,NaN,0,0,0,0,766,
1016,NaN,0,0,0,0,766,
1017,NaN,0,0,0,0,766,
1018,NaN,0,0,0,0,766,
1019,NaN,0,0,0,0,766,
1020,NaN,0,0,0,0,766,
1021,NaN,0,0,0,0,766,
1022,NaN,0,0,0,0,766,
1023,NaN,0,0,0,0,766,
1024,NaN,0,0,0,0,766,
1025,NaN,0,0,0,0,766,
1026,NaN,0,0,0,0,766,
1027,NaN,0,0,0,0,766,
1028,NaN,0,0,0,0,766,
1029,NaN,0,0,0,0,766,
1030,NaN,0,0,0,0,766,
1031,NaN,0,0,0,0,766,
1032,NaN,0,0,0,0,766,
1033,NaN,0,0,0,0,766,
1034,NaN,0,0,0,0,766,
1035,NaN,0,0,0,0,766,
1036,NaN,0,0,0,0,766,
1037,NaN,0,0,0,0,766,
1038,NaN,0,0,0,0,766,
1039,NaN,0,0,0,0,766,
1040,NaN,0,0,0,0,766,
1041,NaN,0,0,0,0,766,
1042,NaN,0,0,0,0,766,
1043,NaN,0,0,0,0,766,
1044,NaN,0,0,0,0,766,
1045,NaN,0,0,0,0,766,
1046,NaN,0,0,0,0,766,
1047,NaN,0,0,0,0,766,
1048,NaN,0,0,0,0,766,
1049,NaN,0,0,0,0,766,
1050,NaN,0,0,0,0,766,
1051,NaN,0,0,0,0,766,
1052,NaN,0,0,0,0,766,
1053,NaN,0,0,0,0,766,
1054,NaN,0,0,0,0,766,
1055,NaN,0,0,0,0,766,
1056,NaN,0,0,0,0,766,
1057,NaN,0,0,0,0,766,
1058,NaN,0,0,0,0,766,
1059,NaN,0,0,0,0,766,
1060,NaN,0,0,0,0,766,
1061,NaN,0,0,0,0,766,
1062,NaN,0,0,0,0,766,
1063,NaN,0,0,0,0,766,
1064,NaN,0,0,0,0,766,
1065,NaN,0,0,0,0,766,
1066,NaN,0,0,0,0,766,
1067,NaN,0,0,0,0,766,
1068,NaN,0,0,0,0,766,
1069,NaN,0,0,0,0,766,
1070,NaN,0,0,0,0,766,
1071,NaN,0,0,0,0,766,
1072,NaN,0,0,0,0,766,
1073,NaN,0,0,0,0,766,
1074,NaN,0,0,0,0,766,
1075,NaN,0,0,0,0,766,
1076,NaN,0,0,0,0,766,
1077,NaN,0,0,0,0,766,
1078,NaN,0,0,0,0,766,
1079,NaN,0,0,0,0,766,
1080,NaN,0,0,0,0,766,
1081,NaN,0,0,0,0,766,
1082,NaN,0,0,0,0,766,
1083,NaN,0,0,0,0,766,
1084,NaN,0,0,0,0,766,
1085,NaN,0,0,0,0,766,
1086,NaN,0,0,0,0,766,
1087,NaN,0,0,0,0,766,
1088,NaN,0,0,0,0,766,
1089,NaN,0,0,0,0,766,
1090,NaN,0,0,0,0,766,
1091,NaN,0,0,0,0,766,
1092,NaN,0,0,0,0,766,
1093,NaN,0,0,0,0,766,
1094,NaN,0,0,0,0,766,
1095,NaN,0,0,0,0,766,
1096,NaN,0,0,0,0,766,
1097,NaN,0,0,0,0,766,
1098,NaN,0,0,0,0,766,
1099,NaN,0,0,0,0,766,
1100,NaN,0,0,0,0,766,
1101,NaN,0,0,0,0,766,
1102,NaN,0,0,0,0,766,
1103,NaN,0,0,0,0,766,
1104,NaN,0,0,0,0,766,
1105,NaN,0,0,0,0,766,
1106,NaN,0,0,0,0,766,
1107,NaN,0,0,0,0,766,
1108,NaN,0,0,0,0,766,
1109,NaN,0,0,0,0,766,
1110,NaN,0,0,0,0,766,
1111,NaN,0,0,0,0,766,
1112,NaN,0,0,0,0,766,
1113,NaN,0,0,0,0,766,
1114,NaN,0,0,0,0,766,
1115,NaN,0,0,0,0,766,
1116,NaN,0,0,0,0,766,
1117,NaN,0,0,0,0,766,
1118,NaN,0,0,0,0,766,
1119,NaN,0,0,0,0,766,
1120,NaN,0,0,0,0,766,
1121,NaN,0,0,0,0,766,
1122,NaN,0,0,0,0,766,
1123,NaN,0,0,0,0,766,
1124,NaN,0,0,0,0,766,
1125,NaN,0,0,0,0,766,
1126,NaN,0,0,0,0,766,
1127,NaN,0,0,0,0,766,
1128,NaN,0,0,0,0,766,
1129,NaN,0,0,0,0,766,
1130,NaN,0,0,0,0,766,
1131,NaN,0,0,0,0,766,
1132,NaN,0,0,0,0,766,
1133,NaN,0,0,0,0,766,
1134,NaN,0,0,0,0,766,
1135,NaN,0,0,0,0,766,
1136,NaN,0,0,0,0,766,
1137,NaN,0,0,0,0,766,
1138,NaN,0,0,0,0,766,
1139,NaN,0,0,0,0,766,
1140,NaN,0,0,0,0,766,
1141,NaN,0,0,0,0,766,
1142,NaN,0,0,0,0,766,
1143,NaN,0,0,0,0,766,
1144,NaN,0,0,0,0,766,
1145,NaN,0,0,0,0,766,
1146,NaN,0,0,0,0,766,
1147,NaN,0,0,0,0,766,
1148,NaN,0,0,0,0,766,
1149,NaN,0,0,0,0,766,
1150,NaN,0,0,0,0,766,
1151,NaN,0,0,0,0,766,
1152,NaN,0,0,0,0,766,
1153,NaN,0,0,0,0,766,
1154,NaN,0,0,0,0,766,
1155,NaN,0,0,0,0,766,
1156,NaN,0,0,0,0,766,
1157,NaN,0,0,0,0,766,
1158,NaN,0,0,0,0,766,
1159,NaN,0,0,0,0,766,
1160,NaN,0,0,0,0,766,
1161,NaN,0,0,0,0,766,
1162,NaN,0,0,0,0,766,
1163,NaN,0,0,0,0,766,
1164,NaN,0,0,0,0,766,
1165,NaN,0,0,0,0,766,
1166,NaN,0,0,0,0,766,
1167,NaN,0,0,0,0,766,
1168,NaN,0,0,0,0,766,
1169,NaN,0,0,0,0,766,
1170,NaN,0,0,0,0,766,
1171,NaN,0,0,0,0,766,
1172,NaN,0,0,0,0,766,
1173,NaN,0,0,0,0,766,
1174,NaN,0,0,0,0,766,
1175,NaN,0,0,0,0,766,
1176,NaN,0,0,0,0,766,
1177,NaN,0,0,0,0,766,
1178,NaN,0,0,0,0,766,
1179,NaN,0,0,0,0,766,
1180,NaN,0,0,0,0,766,
1181,NaN,0,0,0,0,766,
1182,NaN,0,0,0,0,766,
1183,NaN,0,0,0,0,766,
1184,NaN,0,0,0,0,766,
1185,NaN,0,0,0,0,766,
1186,NaN,0,0,0,0,766,
1187,NaN,0,0,0,0,766,
1188,NaN,0,0,0,0,766,
1189,NaN,0,0,0,0,766,
1190,NaN,0,0,0,0,766,
1191,NaN,0,0,0,0,766,
1192,NaN,0,0,0,0,766,
1193,NaN,0,0,0,0,766,
1194,NaN,0,0,0,0,766,
1195,NaN,0,0,0,0,766,
1196,NaN,0,0,0,0,766,
1197,NaN,0,0,0,0,766,
1198,NaN,0,0,0,0,766,
1199,NaN,0,0,0,0,766,
1200,NaN,0,0,0,0,766,
1201,NaN,0,0,0,0,766,
1202,NaN,0,0,0,0,766,
1203,NaN,0,0,0,0,766,
1204,NaN,0,0,0,0,766,
1205,NaN,0,0,0,0,766,
1206,NaN,0,0,0,0,766,
1207,NaN,0,0,0,0,766,
1208,NaN,0,0,0,0,766,
1209,NaN,0,0,0,0,766,
1210,NaN,0,0,0,0,766,
1211,NaN,0,0,0,0,766,
1212,NaN,0,0,0,0,766,
1213,NaN,0,0,0,0,766,
1214,NaN,0,0,0,0,766,
1215,NaN,0,0,0,0,766,
1216,NaN,0,0,0,0,766,
1217,NaN,0,0,0,0,766,
1218,NaN,0,0,0,0,766,
1219,NaN,0,0,0,0,766,
1220,NaN,0,0,0,0,766,
1221,NaN,0,0,0,0,766,
1222,NaN,0,0,0,0,766,
1223,NaN,0,0,0,0,766,
1224,NaN,0,0,0,0,766,
1225,NaN,0,0,0,0,766,
1226,NaN,0,0,0,0,766,
1227,NaN,0,0,0,0,766,
1228,NaN,0,0,0,0,766,
1229,NaN,0,0,0,0,766,
1230,NaN,0,0,0,0,766,
1231,NaN,0,0,0,0,766,
1232,NaN,0,0,0,0,766,
1233,NaN,0,0,0,0,766,
1234,NaN,0,0,0,0,766,
1235,NaN,0,0,0,0,766,
1236,NaN,0,0,0,0,766,
1237,NaN,0,0,0,0,766,
1238,NaN,0,0,0,0,766,
1239,NaN,0,0,0,0,766,
1240,NaN,0,0,0,0,766,
1241,NaN,0,0,0,0,766,
1242,NaN,0,0,0,0,766,
1243,NaN,0,0,0,0,766,
1244,NaN,0,0,0,0,766,
1245,NaN,0,0,0,0,766,
1246,NaN,0,0,0,0,766,
1247,NaN,0,0,0,0,766,
1248,NaN,0,0,0,0,766,
1249,NaN,0,0,0,0,766,
1250,NaN,0,0,0,0,766,
1251,NaN,0,0,0,0,766,
1252,NaN,0,0,0,0,766,
1253,NaN,0,0,0,0,766,
1254,NaN,0,0,0,0,766,
1255,NaN,0,0,0,0,766,
1256,NaN,0,0,0,0,766,
1257,NaN,0,0,0,0,766,
1258,NaN,0,0,0,0,766,
1259,NaN,0,0,0,0,766,
1260,NaN,0,0,0,0,766,
1261,NaN,0,0,0,0,766,
1262,NaN,0,0,0,0,766,
1263,NaN,0,0,0,0,766,
1264,NaN,0,0,0,0,766,
1265,NaN,0,0,0,0,766,
1266,NaN,0,0,0,0,766,
1267,NaN,0,0,0,0,766,
1268,NaN,0,0,0,0,766,
1269,NaN,0,0,0,0,766,
1270,NaN,0,0,0,0,766,
1271,NaN,0,0,0,0,766,
1272,NaN,0,0,0,0,766,
1273,NaN,0,0,0,0,766,
1274,NaN,0,0,0,0,766,
1275,NaN,0,0,0,0,766,
1276,NaN,0,0,0,0,766,
1277,NaN,0,0,0,0,766,
1278,NaN,0,0,0,0,766,
1279,NaN,0,0,0,0,766,
1280,NaN,0,0,0,0,766,
1281,NaN,0,0,0,0,766,
1282,NaN,0,0,0,0,766,
1283,NaN,0,0,0,0,766,
1284,NaN,0,0,0,0,766,
1285,NaN,0,0,0,0,766,
1286,NaN,0,0,0,0,766,
1287,NaN,0,0,0,0,766,
1288,NaN,0,0,0,0,766,
1289,NaN,0,0,0,0,766,
1290,NaN,0,0,0,0,766,
1291,NaN,0,0,0,0,766,
1292,NaN,0,0,0,0,766,
1293,NaN,0,0,0,0,766,
1294,NaN,0,0,0,0,766,
1295,NaN,0,0,0,0,766,
1296,NaN,0,0,0,0,766,
1297,NaN,0,0,0,0,766,
1298,NaN,0,0,0,0,766,
1299,NaN,0,0,0,0,766,
1300,NaN,0,0,0,0,766,
1301,NaN,0,0,0,0,766,
1302,NaN,0,0,0,0,765,
1303,NaN,0,0,0,0,766,
1304,NaN,0,0,0,0,766,
1305,NaN,0,0,0,0,767,
1306,NaN,0,0,0,0,766,
1307,NaN,0,0,0,0,766,
1308,NaN,0,0,0,0,766,
1309,NaN,0,0,0,0,766,
1310,NaN,0,0,0,0,766,
1311,NaN,0,0,0,0,766,
1312,NaN,0,0,0,0,766,
1313,0.3333333333333333,3,1,3,1,766,
1314,0.3333333333333333,3,1,0,0,766,
1315,0.4,5,2,2,1,766,
1316,0.4,5,2,0,0,766,
1317,0.4,5,2,0,0,767,
1318,0.4,5,2,0,0,767,
1319,0.4,5,2,0,0,767,
1320,0.4,5,2,0,0,767,
1321,0.4,5,2,0,0,767,
1322,0.42857142857142855,7,3,2,1,769,
1323,0.42857142857142855,7,3,0,0,769,
1324,0.375,8,3,1,0,770,
1325,0.375,8,3,0,0,771,
1326,0.375,8,3,0,0,771,
1327,0.375,8,3,0,0,771,
1328,0.375,8,3,0,0,771,
1329,0.375,8,3,0,0,771,
1330,0.375,8,3,0,0,771,
1331,0.375,8,3,0,0,770,
1332,0.375,8,3,0,0,770,
1333,0.375,8,3,0,0,770,
1334,0.38461538461538464,13,5,5,2,771,
1335,0.38461538461538464,13,5,0,0,771,
1336,0.4666666666666667,15,7,2,2,773,
1337,0.4666666666666667,15,7,0,0,773,
1338,0.4666666666666667,15,7,0,0,773,
1339,0.4666666666666667,15,7,0,0,773,
1340,0.4666666666666667,15,7,0,0,773,
1341,0.4666666666666667,15,7,0,0,773,
1342,0.4666666666666667,15,7,0,0,773,
1343,0.4666666666666667,15,7,0,0,773,
1344,0.4666666666666667,15,7,0,0,773,
1345,0.4666666666666667,15,7,0,0,773,
1346,0.5,16,8,1,1,774,
1347,0.5,18,9,2,1,776,
1348,0.5,18,9,0,0,776,
1349,0.5,18,9,0,0,776,
1350,0.5,20,10,2,1,776,
1351,0.43478260869565216,23,10,3,0,779,
1352,0.39285714285714285,28,11,5,1,782,
1353,0.39285714285714285,28,11,0,0,782,
1354,0.3793103448275862,29,11,1,0,783,
1355,0.36666666666666664,30,11,1,0,784,
1356,0.36666666666666664,30,11,0,0,785,
1357,0.36666666666666664,30,11,0,0,785,
1358,0.36666666666666664,30,11,0,0,785,
1359,0.36666666666666664,30,11,0,0,785,
1360,0.36666666666666664,30,11,0,0,785,
1361,0.36666666666666664,30,11,0,0,785,
1362,0.36666666666666664,30,11,0,0,786,
1363,0.36666666666666664,30,11,0,0,786,
1364,0.36666666666666664,30,11,0,0,786,
1365,0.36666666666666664,30,11,0,0,787,
1366,0.36666666666666664,30,11,0,0,794,
1367,0.36666666666666664,30,11,0,0,795,
1368,0.3548387096774194,31,11,1,0,796,
1369,0.36363636363636365,33,12,2,1,798,
1370,0.36363636363636365,33,12,0,0,798,
1371,0.3333333333333333,36,12,3,0,799,
1372,0.34146341463414637,41,14,5,2,799,
1373,0.34146341463414637,41,14,0,0,799,
1374,0.3333333333333333,42,14,1,0,799,
1375,0.3409090909090909,44,15,2,1,800,
1376,0.3409090909090909,44,15,0,0,800,
1377,0.3409090909090909,44,15,0,0,800,
1378,0.3409090909090909,44,15,0,0,800,
1379,0.3409090909090909,44,15,0,0,800,
1380,0.33962264150943394,53,18,9,3,803,
1381,0.32727272727272727,55,18,2,0,803,
1382,0.3333333333333333,57,19,2,1,803,
1383,0.3333333333333333,57,19,0,0,803,
1384,0.3275862068965517,58,19,1,0,804,
1385,0.3275862068965517,58,19,0,0,804,
1386,0.3387096774193548,62,21,4,2,804,
1387,0.3333333333333333,63,21,1,0,804,
1388,0.328125,64,21,1,0,804,
1389,0.3181818181818182,66,21,2,0,804,
1390,0.3181818181818182,66,21,0,0,804,
1391,0.3235294117647059,68,22,2,1,804,
1392,0.3235294117647059,68,22,0,0,804,
1393,0.3235294117647059,68,22,0,0,804,
1394,0.3235294117647059,68,22,0,0,804,
1395,0.3235294117647059,68,22,0,0,804,
1396,0.3235294117647059,68,22,0,0,803,
1397,0.32857142857142857,70,23,2,1,803,
1398,0.32857142857142857,70,23,0,0,803,
1399,0.32857142857142857,70,23,0,0,803,
1400,0.323943661971831,71,23,1,0,804,
1401,0.3150684931506849,73,23,2,0,805,
1402,0.3150684931506849,73,23,0,0,805,
1403,0.3150684931506849,73,23,0,0,805,
1404,0.3150684931506849,73,23,0,0,805,
1405,0.3150684931506849,73,23,0,0,805,
1406,0.3150684931506849,73,23,0,0,805,
1407,0.3150684931506849,73,23,0,0,805,
1408,0.3150684931506849,73,23,0,0,805,
1409,0.3150684931506849,73,23,0,0,805,
1410,0.3150684931506849,73,23,0,0,805,
1411,0.3150684931506849,73,23,0,0,805,
1412,0.3150684931506849,73,23,0,0,805,
1413,0.3150684931506849,73,23,0,0,805,
1414,0.3150684931506849,73,23,0,0,805,
1415,0.3150684931506849,73,23,0,0,806,
1416,0.3150684931506849,73,23,0,0,806,
1417,0.3150684931506849,73,23,0,0,806,
1418,0.3150684931506849,73,23,0,0,806,
1419,0.3150684931506849,73,23,0,0,806,
1420,0.3150684931506849,73,23,0,0,806,
1421,0.3150684931506849,73,23,0,0,806,
1422,0.3150684931506849,73,23,0,0,806,
1423,0.3150684931506849,73,23,0,0,806,
1424,0.3150684931506849,73,23,0,0,806,
1425,0.3150684931506849,73,23,0,0,806,
1426,0.3150684931506849,73,23,0,0,806,
1427,0.3150684931506849,73,23,0,0,806,
1428,0.3108108108108108,74,23,1,0,808,
1429,0.3108108108108108,74,23,0,0,808,
1430,0.3108108108108108,74,23,0,0,809,
1431,0.3108108108108108,74,23,0,0,810,
1432,0.30666666666666664,75,23,1,0,811,
1433,0.30666666666666664,75,23,0,0,812,
1434,0.3157894736842105,76,24,1,1,813,
1435,0.3157894736842105,76,24,0,0,814,
1436,0.3157894736842105,76,24,0,0,814,
1437,0.3246753246753247,77,25,1,1,815,
1438,0.32051282051282054,78,25,1,0,817,
1439,0.3291139240506329,79,26,1,1,818,
1440,0.3291139240506329,79,26,0,0,818,
1441,0.3291139240506329,79,26,0,0,818,
1442,0.3291139240506329,79,26,0,0,819,
1443,0.3291139240506329,79,26,0,0,819,
1444,0.3291139240506329,79,26,0,0,819,
1445,0.3291139240506329,79,26,0,0,819,
1446,0.3291139240506329,79,26,0,0,819,
1447,0.3291139240506329,79,26,0,0,819,
1448,0.3291139240506329,79,26,0,0,819,
1449,0.3291139240506329,79,26,0,0,819,
1450,0.325,80,26,1,0,820,
1451,0.325,80,26,0,0,820,
1452,0.325,80,26,0,0,820,
1453,0.3333333333333333,81,27,1,1,821,
1454,0.3333333333333333,81,27,0,0,821,
1455,0.32926829268292684,82,27,1,0,822,
1456,0.32926829268292684,82,27,0,0,822,
1457,0.32926829268292684,82,27,0,0,822,
1458,0.32926829268292684,82,27,0,0,822,
1459,0.32926829268292684,82,27,0,0,822,
1460,0.32926829268292684,82,27,0,0,822,
1461,0.32926829268292684,82,27,0,0,822,
1462,0.32926829268292684,82,27,0,0,822,
1463,0.32926829268292684,82,27,0,0,822,
1464,0.32926829268292684,82,27,0,0,822,
1465,0.32926829268292684,82,27,0,0,822,
1466,0.32926829268292684,82,27,0,0,822,
1467,0.32926829268292684,82,27,0,0,822,
1468,0.32926829268292684,82,27,0,0,822,
1469,0.32926829268292684,82,27,0,0,822,
1470,0.32926829268292684,82,27,0,0,822,
1471,0.32926829268292684,82,27,0,0,822,
1472,0.32926829268292684,82,27,0,0,822,
1473,0.3253012048192771,83,27,1,0,823,
1474,0.3253012048192771,83,27,0,0,823,
1475,0.3253012048192771,83,27,0,0,823,
1476,0.3253012048192771,83,27,0,0,823,
1477,0.3253012048192771,83,27,0,0,823,
1478,0.3253012048192771,83,27,0,0,823,
1479,0.3253012048192771,83,27,0,0,823,
1480,0.3253012048192771,83,27,0,0,823,
1481,0.3253012048192771,83,27,0,0,824,
1482,0.3253012048192771,83,27,0,0,824,
1483,0.3253012048192771,83,27,0,0,824,
1484,0.3253012048192771,83,27,0,0,825,
1485,0.3253012048192771,83,27,0,0,825,
1486,0.3253012048192771,83,27,0,0,825,
1487,0.3253012048192771,83,27,0,0,825,
1488,0.3253012048192771,83,27,0,0,826,
1489,0.3253012048192771,83,27,0,0,826,
1490,0.3253012048192771,83,27,0,0,826,
1491,0.3253012048192771,83,27,0,0,826,
1492,0.3253012048192771,83,27,0,0,826,
1493,0.3253012048192771,83,27,0,0,826,
1494,0.3253012048192771,83,27,0,0,826,
1495,0.3253012048192771,83,27,0,0,826,
1496,0.3253012048192771,83,27,0,0,825,
1497,0.3253012048192771,83,27,0,0,825,
1498,0.3253012048192771,83,27,0,0,825,
1499,0.3253012048192771,83,27,0,0,825,
1500,0.3253012048192771,83,27,0,0,825,
1501,0.3253012048192771,83,27,0,0,825,
1502,0.3253012048192771,83,27,0,0,825,
1503,0.3253012048192771,83,27,0,0,825,
1504,0.3253012048192771,83,27,0,0,825,
1505,0.3253012048192771,83,27,0,0,825,
1506,0.3253012048192771,83,27,0,0,825,
1507,0.3253012048192771,83,27,0,0,825,
1508,0.3253012048192771,83,27,0,0,825,
1509,0.32142857142857145,84,27,1,0,826,
1510,0.32142857142857145,84,27,0,0,826,
1511,0.32142857142857145,84,27,0,0,826,
1512,0.32142857142857145,84,27,0,0,827,
1513,0.32142857142857145,84,27,0,0,827,
1514,0.32142857142857145,84,27,0,0,824,
1515,0.32142857142857145,84,27,0,0,824,
1516,0.32142857142857145,84,27,0,0,818,
1517,0.32142857142857145,84,27,0,0,818,
1518,0.32941176470588235,85,28,1,1,819,
1519,0.32941176470588235,85,28,0,0,819,
1520,0.32558139534883723,86,28,1,0,820,
1521,0.32558139534883723,86,28,0,0,820,
1522,0.32558139534883723,86,28,0,0,820,
1523,0.32558139534883723,86,28,0,0,820,
1524,0.32558139534883723,86,28,0,0,820,
1525,0.32558139534883723,86,28,0,0,820,
1526,0.32558139534883723,86,28,0,0,820,
1527,0.32558139534883723,86,28,0,0,820,
1528,0.32558139534883723,86,28,0,0,820,
1529,0.32558139534883723,86,28,0,0,820,
1530,0.32558139534883723,86,28,0,0,820,
1531,0.32558139534883723,86,28,0,0,820,
1532,0.32558139534883723,86,28,0,0,820,
1533,0.32558139534883723,86,28,0,0,820,
1534,0.32558139534883723,86,28,0,0,820,
1535,0.3218390804597701,87,28,1,0,821,
1536,0.32954545454545453,88,29,1,1,822,
1537,0.3258426966292135,89,29,1,0,823,
1538,0.3333333333333333,90,30,1,1,824,
1539,0.32967032967032966,91,30,1,0,825,
1540,0.32608695652173914,92,30,1,0,826,
1541,0.3229166666666667,96,31,4,1,829,
1542,0.3229166666666667,96,31,0,0,829,
1543,0.31958762886597936,97,31,1,0,829,
1544,0.31958762886597936,97,31,0,0,829,
1545,0.31958762886597936,97,31,0,0,829,
1546,0.31958762886597936,97,31,0,0,829,
1547,0.31958762886597936,97,31,0,0,829,
1548,0.3163265306122449,98,31,1,0,830,
1549,0.3163265306122449,98,31,0,0,830,
1550,0.3163265306122449,98,31,0,0,830,
1551,0.3163265306122449,98,31,0,0,830,
1552,0.3163265306122449,98,31,0,0,830,
1553,0.3163265306122449,98,31,0,0,830,
1554,0.3069306930693069,101,31,3,0,830,
1555,0.3069306930693069,101,31,0,0,830,
1556,0.30097087378640774,103,31,2,0,830,
1557,0.30097087378640774,103,31,0,0,830,
1558,0.30097087378640774,103,31,0,0,830,
1559,0.30097087378640774,103,31,0,0,830,
1560,0.2980769230769231,104,31,1,0,829,
1561,0.2980769230769231,104,31,0,0,829,
1562,0.29523809523809524,105,31,1,0,829,
1563,0.29523809523809524,105,31,0,0,830,
1564,0.29523809523809524,105,31,0,0,830,
1565,0.29523809523809524,105,31,0,0,830,
1566,0.3018867924528302,106,32,1,1,832,
1567,0.3018867924528302,106,32,0,0,832,
1568,0.2962962962962963,108,32,2,0,834,
1569,0.2962962962962963,108,32,0,0,834,
1570,0.2962962962962963,108,32,0,0,834,
1571,0.2962962962962963,108,32,0,0,834,
1572,0.2909090909090909,110,32,2,0,835,
1573,0.2909090909090909,110,32,0,0,835,
1574,0.2909090909090909,110,32,0,0,835,
1575,0.2909090909090909,110,32,0,0,835,
1576,0.2909090909090909,110,32,0,0,834,
1577,0.2882882882882883,111,32,1,0,833,
1578,0.2882882882882883,111,32,0,0,833,
1579,0.2882882882882883,111,32,0,0,833,
1580,0.2882882882882883,111,32,0,0,833,
1581,0.2882882882882883,111,32,0,0,833,
1582,0.2882882882882883,111,32,0,0,833,
1583,0.2882882882882883,111,32,0,0,833,
1584,0.2882882882882883,111,32,0,0,833,
1585,0.2882882882882883,111,32,0,0,833,
1586,0.2882882882882883,111,32,0,0,833,
1587,0.2857142857142857,112,32,1,0,834,
1588,0.2857142857142857,112,32,0,0,834,
1589,0.2857142857142857,112,32,0,0,834,
1590,0.2857142857142857,112,32,0,0,834,
1591,0.2857142857142857,112,32,0,0,834,
1592,0.2857142857142857,112,32,0,0,834,
1593,0.2857142857142857,112,32,0,0,834,
1594,0.2857142857142857,112,32,0,0,834,
1595,0.2857142857142857,112,32,0,0,834,
1596,0.2831858407079646,113,32,1,0,835,
1597,0.2831858407079646,113,32,0,0,835,
1598,0.2831858407079646,113,32,0,0,835,
1599,0.2831858407079646,113,32,0,0,835,
1600,0.2831858407079646,113,32,0,0,835,
1601,0.2831858407079646,113,32,0,0,835,
1602,0.2831858407079646,113,32,0,0,835,
1603,0.2831858407079646,113,32,0,0,835,
1604,0.2831858407079646,113,32,0,0,835,
1605,0.2831858407079646,113,32,0,0,835,
1606,0.2831858407079646,113,32,0,0,835,
1607,0.2831858407079646,113,32,0,0,835,
1608,0.2831858407079646,113,32,0,0,835,
1609,0.2831858407079646,113,32,0,0,835,
1610,0.2831858407079646,113,32,0,0,835,
1611,0.2831858407079646,113,32,0,0,835,
1612,0.2831858407079646,113,32,0,0,835,
1613,0.2831858407079646,113,32,0,0,835,
1614,0.2831858407079646,113,32,0,0,835,
1615,0.2782608695652174,115,32,2,0,835,
1616,0.2782608695652174,115,32,0,0,835,
1617,0.2782608695652174,115,32,0,0,835,
1618,0.2916666666666667,120,35,5,3,835,
1619,0.2916666666666667,120,35,0,0,835,
1620,0.2975206611570248,121,36,1,1,835,
1621,0.2926829268292683,123,36,2,0,835,
1622,0.2926829268292683,123,36,0,0,835,
1623,0.2926829268292683,123,36,0,0,835,
1624,0.2926829268292683,123,36,0,0,835,
1625,0.2926829268292683,123,36,0,0,835,
1626,0.2926829268292683,123,36,0,0,836,
1627,0.2926829268292683,123,36,0,0,836,
1628,0.2903225806451613,124,36,1,0,837,
1629,0.2903225806451613,124,36,0,0,836,
1630,0.2903225806451613,124,36,0,0,836,
1631,0.2903225806451613,124,36,0,0,835,
1632,0.2903225806451613,124,36,0,0,835,
1633,0.2903225806451613,124,36,0,0,835,
1634,0.2903225806451613,124,36,0,0,835,
1635,0.288,125,36,1,0,836,
1636,0.288,125,36,0,0,836,
1637,0.288,125,36,0,0,836,
1638,0.288,125,36,0,0,836,
1639,0.288,125,36,0,0,824,
1640,0.29133858267716534,127,37,2,1,825,
1641,0.2890625,128,37,1,0,825,
1642,0.2890625,128,37,0,0,825,
1643,0.2890625,128,37,0,0,825,
1644,0.2890625,128,37,0,0,825,
1645,0.2890625,128,37,0,0,825,
1646,0.2890625,128,37,0,0,825,
1647,0.2890625,128,37,0,0,825,
1648,0.2890625,128,37,0,0,826,
1649,0.2890625,128,37,0,0,825,
1650,0.2890625,128,37,0,0,825,
1651,0.2890625,128,37,0,0,825,
1652,0.2890625,128,37,0,0,825,
1653,0.2890625,128,37,0,0,826,
1654,0.2868217054263566,129,37,1,0,827,
1655,0.2846153846153846,130,37,1,0,826,
1656,0.2846153846153846,130,37,0,0,826,
1657,0.2846153846153846,130,37,0,0,826,
1658,0.2846153846153846,130,37,0,0,826,
1659,0.2846153846153846,130,37,0,0,826,
1660,0.2846153846153846,130,37,0,0,826,
1661,0.2900763358778626,131,38,1,1,827,
1662,0.2878787878787879,132,38,1,0,828,
1663,0.2878787878787879,132,38,0,0,828,
1664,0.2878787878787879,132,38,0,0,828,
1665,0.2878787878787879,132,38,0,0,828,
1666,0.291044776119403,134,39,2,1,828,
1667,0.291044776119403,134,39,0,0,828,
1668,0.291044776119403,134,39,0,0,828,
1669,0.291044776119403,134,39,0,0,828,
1670,0.28888888888888886,135,39,1,0,828,
1671,0.2867647058823529,136,39,1,0,829,
1672,0.2867647058823529,136,39,0,0,829,
1673,0.2867647058823529,136,39,0,0,829,
1674,0.2867647058823529,136,39,0,0,829,
1675,0.2867647058823529,136,39,0,0,829,
1676,0.2867647058823529,136,39,0,0,829,
1677,0.2867647058823529,136,39,0,0,828,
1678,0.2867647058823529,136,39,0,0,827,
1679,0.2785714285714286,140,39,4,0,827,
1680,0.2765957446808511,141,39,1,0,827,
1681,0.2765957446808511,141,39,0,0,827,
1682,0.2746478873239437,142,39,1,0,827,
1683,0.2777777777777778,144,40,2,1,827,
1684,0.27586206896551724,145,40,1,0,828,
1685,0.2733333333333333,150,41,5,1,828,
1686,0.2733333333333333,150,41,0,0,828,
1687,0.2733333333333333,150,41,0,0,828,
1688,0.2781456953642384,151,42,1,1,830,
1689,0.2781456953642384,151,42,0,0,830,
1690,0.2781456953642384,151,42,0,0,830,
1691,0.2781456953642384,151,42,0,0,830,
1692,0.2781456953642384,151,42,0,0,830,
1693,0.27450980392156865,153,42,2,0,834,
1694,0.27450980392156865,153,42,0,0,835,
1695,0.27450980392156865,153,42,0,0,835,
1696,0.27450980392156865,153,42,0,0,835,
1697,0.27450980392156865,153,42,0,0,835,
1698,0.27450980392156865,153,42,0,0,835,
1699,0.27450980392156865,153,42,0,0,836,
1700,0.27450980392156865,153,42,0,0,832,
1701,0.27741935483870966,155,43,2,1,834,
1702,0.27741935483870966,155,43,0,0,836,
1703,0.27741935483870966,155,43,0,0,837,
1704,0.27741935483870966,155,43,0,0,837,
1705,0.27741935483870966,155,43,0,0,838,
1706,0.27741935483870966,155,43,0,0,838,
1707,0.27741935483870966,155,43,0,0,838,
1708,0.27741935483870966,155,43,0,0,838,
1709,0.27741935483870966,155,43,0,0,838,
1710,0.2721518987341772,158,43,3,0,841,
1711,0.2721518987341772,158,43,0,0,842,
1712,0.27672955974842767,159,44,1,1,842,
1713,0.27672955974842767,159,44,0,0,842,
1714,0.275,160,44,1,0,843,
1715,0.2732919254658385,161,44,1,0,844,
1716,0.2732919254658385,161,44,0,0,845,
1717,0.27439024390243905,164,45,3,1,847,
1718,0.27439024390243905,164,45,0,0,849,
1719,0.27439024390243905,164,45,0,0,849,
1720,0.2754491017964072,167,46,3,1,851,
1721,0.2781065088757396,169,47,2,1,851,
1722,0.2781065088757396,169,47,0,0,851,
1723,0.2781065088757396,169,47,0,0,851,
1724,0.2781065088757396,169,47,0,0,851,
1725,0.2781065088757396,169,47,0,0,852,
1726,0.28,175,49,6,2,853,
1727,0.2840909090909091,176,50,1,1,852,
1728,0.2840909090909091,176,50,0,0,852,
1729,0.2840909090909091,176,50,0,0,852,
1730,0.2840909090909091,176,50,0,0,852,
1731,0.2840909090909091,176,50,0,0,852,
1732,0.2840909090909091,176,50,0,0,852,
1733,0.2840909090909091,176,50,0,0,852,
1734,0.2840909090909091,176,50,0,0,852,
1735,0.2840909090909091,176,50,0,0,852,
1736,0.2840909090909091,176,50,0,0,853,
1737,0.2840909090909091,176,50,0,0,853,
1738,0.2840909090909091,176,50,0,0,853,
1739,0.2840909090909091,176,50,0,0,853,
1740,0.292817679558011,181,53,5,3,858,
1741,0.292817679558011,181,53,0,0,858,
1742,0.292817679558011,181,53,0,0,858,
1743,0.292817679558011,181,53,0,0,856,
1744,0.292817679558011,181,53,0,0,856,
1745,0.29120879120879123,182,53,1,0,857,
1746,0.29120879120879123,182,53,0,0,857,
1747,0.29411764705882354,187,55,5,2,857,
1748,0.2925531914893617,188,55,1,0,857,
1749,0.2925531914893617,188,55,0,0,857,
1750,0.2916666666666667,192,56,4,1,858,
1751,0.2923076923076923,195,57,3,1,860,
1752,0.29591836734693877,196,58,1,1,861,
1753,0.29292929292929293,198,58,2,0,861,
1754,0.2914572864321608,199,58,1,0,862,
1755,0.2914572864321608,199,58,0,0,863,
1756,0.2885572139303483,201,58,2,0,864,
1757,0.2885572139303483,201,58,0,0,864,
1758,0.29207920792079206,202,59,1,1,865,
1759,0.29207920792079206,202,59,0,0,865,
1760,0.29207920792079206,202,59,0,0,865,
1761,0.29207920792079206,202,59,0,0,865,
1762,0.29207920792079206,202,59,0,0,865,
1763,0.29207920792079206,202,59,0,0,865,
1764,0.29207920792079206,202,59,0,0,865,
1765,0.29207920792079206,202,59,0,0,865,
1766,0.29064039408866993,203,59,1,0,866,
1767,0.29064039408866993,203,59,0,0,866,
1768,0.29064039408866993,203,59,0,0,866,
1769,0.29064039408866993,203,59,0,0,866,
1770,0.29064039408866993,203,59,0,0,866,
1771,0.2926829268292683,205,60,2,1,868,
1772,0.2926829268292683,205,60,0,0,868,
1773,0.2926829268292683,205,60,0,0,868,
1774,0.2961165048543689,206,61,1,1,870,
1775,0.2961165048543689,206,61,0,0,870,
1776,0.2961165048543689,206,61,0,0,870,
1777,0.2961165048543689,206,61,0,0,871,
1778,0.2961165048543689,206,61,0,0,871,
1779,0.2961165048543689,206,61,0,0,871,
1780,0.30288461538461536,208,63,2,2,873,
1781,0.30288461538461536,208,63,0,0,873,
1782,0.30288461538461536,208,63,0,0,874,
1783,0.30288461538461536,208,63,0,0,874,
1784,0.30952380952380953,210,65,2,2,876,
1785,0.30952380952380953,210,65,0,0,878,
1786,0.30952380952380953,210,65,0,0,880,
1787,0.30660377358490565,212,65,2,0,880,
1788,0.3051643192488263,213,65,1,0,880,
1789,0.3037383177570093,214,65,1,0,881,
1790,0.30697674418604654,215,66,1,1,882,
1791,0.30697674418604654,215,66,0,0,882,
1792,0.30697674418604654,215,66,0,0,882,
1793,0.30697674418604654,215,66,0,0,883,
1794,0.30697674418604654,215,66,0,0,884,
1795,0.3055555555555556,216,66,1,0,884,
1796,0.3055555555555556,216,66,0,0,884,
1797,0.3055555555555556,216,66,0,0,884,
1798,0.3055555555555556,216,66,0,0,884,
1799,0.3055555555555556,216,66,0,0,884,
1800,0.30414746543778803,217,66,1,0,884,
1801,0.30414746543778803,217,66,0,0,884,
1802,0.30414746543778803,217,66,0,0,884,
1803,0.30414746543778803,217,66,0,0,889,
1804,0.30414746543778803,217,66,0,0,890,
1805,0.30414746543778803,217,66,0,0,890,
1806,0.30275229357798167,218,66,1,0,892,
1807,0.30275229357798167,218,66,0,0,894,
1808,0.30275229357798167,218,66,0,0,894,
1809,0.30275229357798167,218,66,0,0,894,
1810,0.30275229357798167,218,66,0,0,894,
1811,0.3,220,66,2,0,896,
1812,0.3,220,66,0,0,896,
1813,0.3,220,66,0,0,896,
1814,0.3,220,66,0,0,896,
1815,0.29596412556053814,223,66,3,0,897,
1816,0.2907488986784141,227,66,4,0,897,
1817,0.2907488986784141,227,66,0,0,897,
1818,0.2907488986784141,227,66,0,0,897,
1819,0.2907488986784141,227,66,0,0,897,
1820,0.2907488986784141,227,66,0,0,897,
1821,0.2907488986784141,227,66,0,0,897,
1822,0.2907488986784141,227,66,0,0,897,
1823,0.2894736842105263,228,66,1,0,898,
1824,0.28820960698689957,229,66,1,0,899,
1825,0.28820960698689957,229,66,0,0,899,
1826,0.2857142857142857,231,66,2,0,899,
1827,0.28448275862068967,232,66,1,0,900,
1828,0.28085106382978725,235,66,3,0,900,
1829,0.2796610169491525,236,66,1,0,900,
1830,0.2796610169491525,236,66,0,0,900,
1831,0.2796610169491525,236,66,0,0,900,
1832,0.2796610169491525,236,66,0,0,900,
1833,0.2796610169491525,236,66,0,0,901,
1834,0.28688524590163933,244,70,8,4,911,
1835,0.28688524590163933,244,70,0,0,911,
1836,0.2897959183673469,245,71,1,1,912,
1837,0.291497975708502,247,72,2,1,914,
1838,0.2903225806451613,248,72,1,0,916,
1839,0.2931726907630522,249,73,1,1,916,
1840,0.2931726907630522,249,73,0,0,915,
1841,0.2981132075471698,265,79,16,6,915,
1842,0.2981132075471698,265,79,0,0,915,
1843,0.2981132075471698,265,79,0,0,915,
1844,0.2936802973977695,269,79,4,0,915,
1845,0.2936802973977695,269,79,0,0,916,
1846,0.2936802973977695,269,79,0,0,916,
1847,0.2936802973977695,269,79,0,0,915,
1848,0.29259259259259257,270,79,1,0,916,
1849,0.2915129151291513,271,79,1,0,917,
1850,0.29454545454545455,275,81,4,2,921,
1851,0.29454545454545455,275,81,0,0,921,
1852,0.29454545454545455,275,81,0,0,922,
1853,0.29347826086956524,276,81,1,0,923,
1854,0.2924187725631769,277,81,1,0,924,
1855,0.2924187725631769,277,81,0,0,924,
1856,0.2924187725631769,277,81,0,0,924,
1857,0.2924187725631769,277,81,0,0,924,
1858,0.2924187725631769,277,81,0,0,925,
1859,0.2924187725631769,277,81,0,0,925,
1860,0.2924187725631769,277,81,0,0,925,
1861,0.2924187725631769,277,81,0,0,926,
1862,0.2924187725631769,277,81,0,0,926,
1863,0.2924187725631769,277,81,0,0,926,
1864,0.2924187725631769,277,81,0,0,926,
1865,0.2924187725631769,277,81,0,0,926,
1866,0.29136690647482016,278,81,1,0,926,
1867,0.29136690647482016,278,81,0,0,926,
1868,0.29136690647482016,278,81,0,0,926,
1869,0.2903225806451613,279,81,1,0,926,
1870,0.28825622775800713,281,81,2,0,927,
1871,0.2872340425531915,282,81,1,0,928,
1872,0.2872340425531915,282,81,0,0,928,
1873,0.2872340425531915,282,81,0,0,928,
1874,0.2872340425531915,282,81,0,0,928,
1875,0.2896551724137931,290,84,8,3,925,
1876,0.2910958904109589,292,85,2,1,922,
1877,0.2910958904109589,292,85,0,0,922,
1878,0.2910958904109589,292,85,0,0,922,
1879,0.2901023890784983,293,85,1,0,922,
1880,0.2901023890784983,293,85,0,0,922,
1881,0.2901023890784983,293,85,0,0,931,
1882,0.2891156462585034,294,85,1,0,930,
1883,0.2895622895622896,297,86,3,1,933,
1884,0.28859060402684567,298,86,1,0,933,
1885,0.28859060402684567,298,86,0,0,933,
1886,0.28859060402684567,298,86,0,0,933,
1887,0.28859060402684567,298,86,0,0,933,
1888,0.28859060402684567,298,86,0,0,933,
1889,0.28762541806020064,299,86,1,0,934,
1890,0.28762541806020064,299,86,0,0,934,
1891,0.29042904290429045,303,88,4,2,939,
1892,0.29042904290429045,303,88,0,0,939,
1893,0.29042904290429045,303,88,0,0,940,
1894,0.28852459016393445,305,88,2,0,941,
1895,0.28802588996763756,309,89,4,1,945,
1896,0.28802588996763756,309,89,0,0,945,
1897,0.2903225806451613,310,90,1,1,946,
1898,0.2903225806451613,310,90,0,0,947,
1899,0.2903225806451613,310,90,0,0,950,
1900,0.2903225806451613,310,90,0,0,950,
1901,0.2903225806451613,310,90,0,0,950,
1902,0.2903225806451613,310,90,0,0,950,
1903,0.2903225806451613,310,90,0,0,950,
1904,0.29260450160771706,311,91,1,1,955,
1905,0.29260450160771706,311,91,0,0,955,
1906,0.29260450160771706,311,91,0,0,955,
1907,0.29260450160771706,311,91,0,0,955,
1908,0.29073482428115016,313,91,2,0,956,
1909,0.29073482428115016,313,91,0,0,956,
1910,0.29073482428115016,313,91,0,0,956,
1911,0.29073482428115016,313,91,0,0,956,
1912,0.29073482428115016,313,91,0,0,956,
1913,0.29073482428115016,313,91,0,0,956,
1914,0.29073482428115016,313,91,0,0,956,
1915,0.29073482428115016,313,91,0,0,956,
1916,0.29073482428115016,313,91,0,0,956,
1917,0.2898089171974522,314,91,1,0,956,
1918,0.2898089171974522,314,91,0,0,956,
1919,0.2898089171974522,314,91,0,0,956,
1920,0.2902208201892745,317,92,3,1,956,
1921,0.2902208201892745,317,92,0,0,956,
1922,0.2884012539184953,319,92,2,0,958,
1923,0.2884012539184953,319,92,0,0,958,
1924,0.2884012539184953,319,92,0,0,957,
1925,0.2884012539184953,319,92,0,0,956,
1926,0.2884012539184953,319,92,0,0,955,
1927,0.2884012539184953,319,92,0,0,955,
1928,0.2884012539184953,319,92,0,0,955,
1929,0.2884012539184953,319,92,0,0,956,
1930,0.2884012539184953,319,92,0,0,956,
1931,0.2884012539184953,319,92,0,0,958,
1932,0.2884012539184953,319,92,0,0,959,
1933,0.2884012539184953,319,92,0,0,959,
1934,0.2884012539184953,319,92,0,0,960,
1935,0.2857142857142857,322,92,3,0,967,
1936,0.28792569659442724,323,93,1,1,968,
1937,0.28792569659442724,323,93,0,0,968,
1938,0.28703703703703703,324,93,1,0,971,
1939,0.290519877675841,327,95,3,2,974,
1940,0.2930513595166163,331,97,4,2,978,
1941,0.29429429429429427,333,98,2,1,977,
1942,0.29429429429429427,333,98,0,0,976,
1943,0.29429429429429427,333,98,0,0,976,
1944,0.29429429429429427,333,98,0,0,975,
1945,0.2955223880597015,335,99,2,1,976,
1946,0.2955223880597015,335,99,0,0,977,
1947,0.2955223880597015,335,99,0,0,977,
1948,0.2955223880597015,335,99,0,0,978,
1949,0.2955223880597015,335,99,0,0,978,
1950,0.2955223880597015,335,99,0,0,978,
1951,0.2976190476190476,336,100,1,1,978,
1952,0.2976190476190476,336,100,0,0,978,
1953,0.2976190476190476,336,100,0,0,978,
1954,0.2976190476190476,336,100,0,0,978,
1955,0.2976190476190476,336,100,0,0,978,
1956,0.2976190476190476,336,100,0,0,979,
1957,0.2976190476190476,336,100,0,0,979,
1958,0.2976190476190476,336,100,0,0,979,
1959,0.3,340,102,4,2,980,
1960,0.2982456140350877,342,102,2,0,980,
1961,0.29394812680115273,347,102,5,0,980,
1962,0.2962962962962963,351,104,4,2,984,
1963,0.29545454545454547,352,104,1,0,985,
1964,0.29545454545454547,352,104,0,0,985,
1965,0.2913165266106443,357,104,5,0,984,
1966,0.2905027932960894,358,104,1,0,985,
1967,0.29085872576177285,361,105,3,1,986,
1968,0.29085872576177285,361,105,0,0,986,
1969,0.2892561983471074,363,105,2,0,989,
1970,0.29041095890410956,365,106,2,1,989,
1971,0.2888283378746594,367,106,2,0,990,
1972,0.2884097035040431,371,107,4,1,994,
1973,0.2884097035040431,371,107,0,0,994,
1974,0.29222520107238603,373,109,2,2,996,
1975,0.29411764705882354,374,110,1,1,997,
1976,0.29411764705882354,374,110,0,0,997,
1977,0.296,375,111,1,1,999,
1978,0.296,375,111,0,0,1000,
1979,0.296,375,111,0,0,1001,
1980,0.296,375,111,0,0,1002,
1981,0.296,375,111,0,0,1002,
1982,0.296,375,111,0,0,1004,
1983,0.296,375,111,0,0,1004,
1984,0.296,375,111,0,0,1004,
1985,0.296,375,111,0,0,1004,
1986,0.296,375,111,0,0,1004,
1987,0.296,375,111,0,0,1004,
1988,0.296,375,111,0,0,1004,
1989,0.296,375,111,0,0,1004,
1990,0.296,375,111,0,0,1004,
1991,0.29521276595744683,376,111,1,0,1004,
1992,0.29521276595744683,376,111,0,0,1004,
1993,0.29708222811671087,377,112,1,1,1005,
1994,0.29708222811671087,377,112,0,0,1005,
1995,0.29708222811671087,377,112,0,0,1005,
1996,0.29708222811671087,377,112,0,0,1005,
1997,0.29708222811671087,377,112,0,0,1005,
1998,0.29708222811671087,377,112,0,0,1005,
1999,0.29708222811671087,377,112,0,0,1005,
2000,0.29708222811671087,377,112,0,0,1006,
2001,0.2950391644908616,383,113,6,1,1011,
2002,0.2935064935064935,385,113,2,0,1013,
2003,0.2935064935064935,385,113,0,0,1014,
2004,0.2935064935064935,385,113,0,0,1014,
2005,0.2935064935064935,385,113,0,0,1014,
2006,0.2935064935064935,385,113,0,0,1014,
2007,0.2935064935064935,385,113,0,0,1014,
2008,0.2935064935064935,385,113,0,0,1015,
2009,0.29533678756476683,386,114,1,1,1015,
2010,0.29457364341085274,387,114,1,0,1015,
2011,0.29457364341085274,387,114,0,0,1015,
2012,0.29457364341085274,387,114,0,0,1015,
2013,0.2963917525773196,388,115,1,1,1013,
2014,0.2963917525773196,388,115,0,0,1013,
2015,0.2963917525773196,388,115,0,0,1013,
2016,0.2982005141388175,389,116,1,1,1013,
2017,0.2982005141388175,389,116,0,0,1013,
2018,0.3,390,117,1,1,1014,
2019,0.3,390,117,0,0,1014,
2020,0.3,390,117,0,0,1014,
2021,0.3,390,117,0,0,1014,
2022,0.3,390,117,0,0,1015,
2023,0.3,390,117,0,0,1015,
2024,0.29923273657289,391,117,1,0,1015,
2025,0.29923273657289,391,117,0,0,1015,
2026,0.29923273657289,391,117,0,0,1015,
2027,0.29923273657289,391,117,0,0,1015,
2028,0.29923273657289,391,117,0,0,1015,
2029,0.29923273657289,391,117,0,0,1015,
2030,0.29923273657289,391,117,0,0,1015,
2031,0.2969543147208122,394,117,3,0,1015,
2032,0.29620253164556964,395,117,1,0,1015,
2033,0.29545454545454547,396,117,1,0,1015,
2034,0.29545454545454547,396,117,0,0,1015,
2035,0.2947103274559194,397,117,1,0,1015,
2036,0.2947103274559194,397,117,0,0,1015,
2037,0.2947103274559194,397,117,0,0,1015,
2038,0.2947103274559194,397,117,0,0,1015,
2039,0.2947103274559194,397,117,0,0,1015,
2040,0.2947103274559194,397,117,0,0,1015,
2041,0.2947103274559194,397,117,0,0,1015,
2042,0.2947103274559194,397,117,0,0,1015,
2043,0.2947103274559194,397,117,0,0,1015,
2044,0.2947103274559194,397,117,0,0,1015,
2045,0.2947103274559194,397,117,0,0,1015,
2046,0.2947103274559194,397,117,0,0,1015,
2047,0.2947103274559194,397,117,0,0,1015,
2048,0.2947103274559194,397,117,0,0,1015,
2049,0.2947103274559194,397,117,0,0,1015,
2050,0.2964824120603015,398,118,1,1,1015,
2051,0.2964824120603015,398,118,0,0,1015,
2052,0.2975,400,119,2,1,1015,
2053,0.2975,400,119,0,0,1015,
2054,0.2975,400,119,0,0,1015,
2055,0.2975,400,119,0,0,1015,
2056,0.2975,400,119,0,0,1015,
2057,0.2975,400,119,0,0,1016,
2058,0.2975,400,119,0,0,1016,
2059,0.2975,400,119,0,0,1016,
2060,0.2967581047381546,401,119,1,0,1018,
2061,0.2960199004975124,402,119,1,0,1018,
2062,0.2960199004975124,402,119,0,0,1018,
2063,0.29528535980148884,403,119,1,0,1019,
2064,0.29528535980148884,403,119,0,0,1020,
2065,0.2938271604938272,405,119,2,0,1021,
2066,0.29310344827586204,406,119,1,0,1022,
2067,0.29310344827586204,406,119,0,0,1022,
2068,0.29411764705882354,408,120,2,1,1024,
2069,0.293398533007335,409,120,1,0,1025,
2070,0.2926829268292683,410,120,1,0,1026,
2071,0.291970802919708,411,120,1,0,1027,
2072,0.291970802919708,411,120,0,0,1027,
2073,0.291970802919708,411,120,0,0,1027,
2074,0.291970802919708,411,120,0,0,1027,
2075,0.291970802919708,411,120,0,0,1027,
2076,0.2932692307692308,416,122,5,2,1032,
2077,0.2932692307692308,416,122,0,0,1032,
2078,0.2932692307692308,416,122,0,0,1032,
2079,0.2932692307692308,416,122,0,0,1032,
2080,0.2921615201900237,421,123,5,1,1035,
2081,0.2921615201900237,421,123,0,0,1035,
2082,0.2914691943127962,422,123,1,0,1035,
2083,0.2907801418439716,423,123,1,0,1038,
2084,0.2907801418439716,423,123,0,0,1038,
2085,0.29107981220657275,426,124,3,1,1038,
2086,0.29107981220657275,426,124,0,0,1038,
2087,0.2937062937062937,429,126,3,2,1039,
2088,0.2937062937062937,429,126,0,0,1039,
2089,0.2937062937062937,429,126,0,0,1039,
2090,0.2937062937062937,429,126,0,0,1041,
2091,0.2937062937062937,429,126,0,0,1041,
2092,0.2937062937062937,429,126,0,0,1042,
2093,0.2937062937062937,429,126,0,0,1042,
2094,0.2937062937062937,429,126,0,0,1042,
2095,0.2937062937062937,429,126,0,0,1042,
2096,0.2937062937062937,429,126,0,0,1042,
2097,0.2937062937062937,429,126,0,0,1042,
2098,0.2937062937062937,429,126,0,0,1043,
2099,0.2937062937062937,429,126,0,0,1043,
2100,0.2937062937062937,429,126,0,0,1043,
2101,0.2937062937062937,429,126,0,0,1044,
2102,0.2923433874709977,431,126,2,0,1046,
2103,0.2923433874709977,431,126,0,0,1046,
2104,0.2903225806451613,434,126,3,0,1047,
2105,0.29128440366972475,436,127,2,1,1048,
2106,0.29545454545454547,440,130,4,3,1050,
2107,0.29705215419501135,441,131,1,1,1050,
2108,0.29705215419501135,441,131,0,0,1050,
2109,0.29705215419501135,441,131,0,0,1050,
2110,0.296875,448,133,7,2,1050,
2111,0.2984409799554566,449,134,1,1,1051,
2112,0.2984409799554566,449,134,0,0,1051,
2113,0.2984409799554566,449,134,0,0,1051,
2114,0.2984409799554566,449,134,0,0,1051,
2115,0.2984409799554566,449,134,0,0,1051,
2116,0.29777777777777775,450,134,1,0,1052,
2117,0.29777777777777775,450,134,0,0,1052,
2118,0.29777777777777775,450,134,0,0,1052,
2119,0.29933481152993346,451,135,1,1,1052,
2120,0.29933481152993346,451,135,0,0,1052,
2121,0.30242825607064017,453,137,2,2,1054,
2122,0.3032967032967033,455,138,2,1,1056,
2123,0.3032967032967033,455,138,0,0,1056,
2124,0.3032967032967033,455,138,0,0,1056,
2125,0.3032967032967033,455,138,0,0,1056,
2126,0.3032967032967033,455,138,0,0,1056,
2127,0.3026315789473684,456,138,1,0,1059,
2128,0.3026315789473684,456,138,0,0,1059,
2129,0.3026315789473684,456,138,0,0,1059,
2130,0.3026315789473684,456,138,0,0,1059,
2131,0.3026315789473684,456,138,0,0,1059,
2132,0.3026315789473684,456,138,0,0,1059,
2133,0.3026315789473684,456,138,0,0,1060,
2134,0.3026315789473684,456,138,0,0,1060,
2135,0.3026315789473684,456,138,0,0,1060,
2136,0.3026315789473684,456,138,0,0,1061,
2137,0.3026315789473684,456,138,0,0,1061,
2138,0.3026315789473684,456,138,0,0,1061,
2139,0.3006535947712418,459,138,3,0,1063,
2140,0.3032258064516129,465,141,6,3,1064,
2141,0.30148619957537154,471,142,6,1,1056,
2142,0.30184804928131415,487,147,16,5,1046,
2143,0.3013698630136986,511,154,24,7,1051,
2144,0.3013698630136986,511,154,0,0,1050,
2145,0.3,520,156,9,2,1051,
2146,0.3,520,156,0,0,1050,
2147,0.3007662835249042,522,157,2,1,1051,
2148,0.3007662835249042,522,157,0,0,1051,
2149,0.3007662835249042,522,157,0,0,1051,
2150,0.3007662835249042,522,157,0,0,1051,
2151,0.30019120458891013,523,157,1,0,1051,
2152,0.30019120458891013,523,157,0,0,1051,
2153,0.30019120458891013,523,157,0,0,1051,
2154,0.30019120458891013,523,157,0,0,1051,
2155,0.30019120458891013,523,157,0,0,1051,
2156,0.30019120458891013,523,157,0,0,1051,
2157,0.29961832061068705,524,157,1,0,1052,
2158,0.29961832061068705,524,157,0,0,1052,
2159,0.29961832061068705,524,157,0,0,1056,
2160,0.29961832061068705,524,157,0,0,1056,
2161,0.29961832061068705,524,157,0,0,1056,
2162,0.2998102466793169,527,158,3,1,1059,
2163,0.29924242424242425,528,158,1,0,1060,
2164,0.29867674858223064,529,158,1,0,1061,
2165,0.3,530,159,1,1,1061,
2166,0.3,530,159,0,0,1061,
2167,0.3,530,159,0,0,1061,
2168,0.3,530,159,0,0,1061,
2169,0.3,530,159,0,0,1061,
2170,0.3,530,159,0,0,1061,
2171,0.3,530,159,0,0,1062,
2172,0.3,530,159,0,0,1062,
2173,0.3,530,159,0,0,1062,
2174,0.3,530,159,0,0,1063,
2175,0.3,530,159,0,0,1063,
2176,0.29887218045112784,532,159,2,0,1066,
2177,0.29887218045112784,532,159,0,0,1066,
2178,0.29887218045112784,532,159,0,0,1068,
2179,0.300187617260788,533,160,1,1,1069,
2180,0.300187617260788,533,160,0,0,1069,
2181,0.300187617260788,533,160,0,0,1069,
2182,0.29906542056074764,535,160,2,0,1071,
2183,0.29906542056074764,535,160,0,0,1072,
2184,0.29906542056074764,535,160,0,0,1072,
2185,0.29906542056074764,535,160,0,0,1074,
2186,0.297951582867784,537,160,2,0,1074,
2187,0.297951582867784,537,160,0,0,1076,
2188,0.297951582867784,537,160,0,0,1077,
2189,0.297951582867784,537,160,0,0,1077,
2190,0.29739776951672864,538,160,1,0,1078,
2191,0.29739776951672864,538,160,0,0,1078,
2192,0.29739776951672864,538,160,0,0,1078,
2193,0.29739776951672864,538,160,0,0,1077,
2194,0.29684601113172543,539,160,1,0,1078,
2195,0.29684601113172543,539,160,0,0,1077,
2196,0.29684601113172543,539,160,0,0,1077,
2197,0.2962962962962963,540,160,1,0,1078,
2198,0.2975970425138632,541,161,1,1,1079,
2199,0.29704797047970477,542,161,1,0,1080,
2200,0.29704797047970477,542,161,0,0,1080,
2201,0.2965009208103131,543,161,1,0,1080,
2202,0.2965009208103131,543,161,0,0,1080,
2203,0.2965009208103131,543,161,0,0,1080,
2204,0.2965009208103131,543,161,0,0,1080,
2205,0.2965009208103131,543,161,0,0,1080,
2206,0.2977941176470588,544,162,1,1,1081,
2207,0.2977941176470588,544,162,0,0,1081,
2208,0.2977941176470588,544,162,0,0,1081,
2209,0.29724770642201837,545,162,1,0,1081,
2210,0.29724770642201837,545,162,0,0,1081,
2211,0.2967032967032967,546,162,1,0,1082,
2212,0.2967032967032967,546,162,0,0,1082,
2213,0.2967032967032967,546,162,0,0,1082,
2214,0.2956204379562044,548,162,2,0,1084,
2215,0.29508196721311475,549,162,1,0,1085,
2216,0.29508196721311475,549,162,0,0,1085,
2217,0.29508196721311475,549,162,0,0,1086,
2218,0.29454545454545455,550,162,1,0,1087,
2219,0.29454545454545455,550,162,0,0,1088,
2220,0.29454545454545455,550,162,0,0,1088,
2221,0.29454545454545455,550,162,0,0,1088,
2222,0.29454545454545455,550,162,0,0,1088,
2223,0.29454545454545455,550,162,0,0,1088,
2224,0.294010889292196,551,162,1,0,1088,
2225,0.294010889292196,551,162,0,0,1087,
2226,0.294010889292196,551,162,0,0,1087,
2227,0.294010889292196,551,162,0,0,1087,
2228,0.294010889292196,551,162,0,0,1087,
2229,0.294010889292196,551,162,0,0,1087,
2230,0.294010889292196,551,162,0,0,1087,
2231,0.294010889292196,551,162,0,0,1087,
2232,0.294010889292196,551,162,0,0,1087,
2233,0.294010889292196,551,162,0,0,1087,
2234,0.29347826086956524,552,162,1,0,1088,
2235,0.29347826086956524,552,162,0,0,1088,
2236,0.29347826086956524,552,162,0,0,1088,
2237,0.29347826086956524,552,162,0,0,1088,
2238,0.29347826086956524,552,162,0,0,1088,
2239,0.29294755877034356,553,162,1,0,1088,
2240,0.2924187725631769,554,162,1,0,1089,
2241,0.2924187725631769,554,162,0,0,1089,
2242,0.2924187725631769,554,162,0,0,1089,
2243,0.2924187725631769,554,162,0,0,1089,
2244,0.2924187725631769,554,162,0,0,1089,
2245,0.2936936936936937,555,163,1,1,1090,
2246,0.2936936936936937,555,163,0,0,1091,
2247,0.2936936936936937,555,163,0,0,1090,
2248,0.2936936936936937,555,163,0,0,1090,
2249,0.2936936936936937,555,163,0,0,1090,
2250,0.2931654676258993,556,163,1,0,1090,
2251,0.2926391382405745,557,163,1,0,1091,
2252,0.29464285714285715,560,165,3,2,1094,
2253,0.29464285714285715,560,165,0,0,1094,
2254,0.29464285714285715,560,165,0,0,1094,
2255,0.29411764705882354,561,165,1,0,1095,
2256,0.29307282415630553,563,165,2,0,1097,
2257,0.29307282415630553,563,165,0,0,1097,
2258,0.2925531914893617,564,165,1,0,1096,
2259,0.2925531914893617,564,165,0,0,1096,
2260,0.2938053097345133,565,166,1,1,1097,
2261,0.2950530035335689,566,167,1,1,1097,
2262,0.2950530035335689,566,167,0,0,1097,
2263,0.2945326278659612,567,167,1,0,1098,
2264,0.2945326278659612,567,167,0,0,1098,
2265,0.29401408450704225,568,167,1,0,1099,
2266,0.29401408450704225,568,167,0,0,1099,
2267,0.29401408450704225,568,167,0,0,1099,
2268,0.29401408450704225,568,167,0,0,1099,
2269,0.29401408450704225,568,167,0,0,1099,
2270,0.29401408450704225,568,167,0,0,1099,
2271,0.29401408450704225,568,167,0,0,1099,
2272,0.29349736379613356,569,167,1,0,1100,
2273,0.29246935201401053,571,167,2,0,1102,
2274,0.291958041958042,572,167,1,0,1102,
2275,0.291958041958042,572,167,0,0,1102,
2276,0.2914485165794066,573,167,1,0,1103,
2277,0.2914485165794066,573,167,0,0,1103,
2278,0.2914485165794066,573,167,0,0,1103,
2279,0.2914485165794066,573,167,0,0,1103,
2280,0.2914485165794066,573,167,0,0,1103,
2281,0.2914485165794066,573,167,0,0,1103,
2282,0.2914485165794066,573,167,0,0,1103,
2283,0.2914485165794066,573,167,0,0,1103,
2284,0.2914485165794066,573,167,0,0,1103,
2285,0.2914485165794066,573,167,0,0,1107,
2286,0.2914485165794066,573,167,0,0,1108,
2287,0.29094076655052264,574,167,1,0,1109,
2288,0.29094076655052264,574,167,0,0,1112,
2289,0.29094076655052264,574,167,0,0,1112,
2290,0.29094076655052264,574,167,0,0,1112,
2291,0.29094076655052264,574,167,0,0,1112,
2292,0.29094076655052264,574,167,0,0,1112,
2293,0.29094076655052264,574,167,0,0,1112,
2294,0.29094076655052264,574,167,0,0,1112,
2295,0.29094076655052264,574,167,0,0,1112,
2296,0.29094076655052264,574,167,0,0,1112,
2297,0.29094076655052264,574,167,0,0,1113,
2298,0.29094076655052264,574,167,0,0,1113,
2299,0.29094076655052264,574,167,0,0,1118,
2300,0.29094076655052264,574,167,0,0,1124,
2301,0.29094076655052264,574,167,0,0,1128,
2302,0.2916666666666667,576,168,2,1,1129,
2303,0.29238754325259514,578,169,2,1,1132,
2304,0.29238754325259514,578,169,0,0,1132,
2305,0.29238754325259514,578,169,0,0,1132,
2306,0.29238754325259514,578,169,0,0,1132,
2307,0.29238754325259514,578,169,0,0,1132,
2308,0.29238754325259514,578,169,0,0,1132,
2309,0.29238754325259514,578,169,0,0,1132,
2310,0.2918825561312608,579,169,1,0,1133,
2311,0.2918825561312608,579,169,0,0,1133,
2312,0.2918825561312608,579,169,0,0,1133,
2313,0.2918825561312608,579,169,0,0,1133,
2314,0.2913793103448276,580,169,1,0,1134,
2315,0.28987993138936535,583,169,3,0,1137,
2316,0.28716216216216217,592,170,9,1,1137,
2317,0.28836424957841483,593,171,1,1,1139,
2318,0.28836424957841483,593,171,0,0,1139,
2319,0.28836424957841483,593,171,0,0,1139,
2320,0.28836424957841483,593,171,0,0,1139,
2321,0.28836424957841483,593,171,0,0,1139,
2322,0.2895622895622896,594,172,1,1,1141,
2323,0.2895622895622896,594,172,0,0,1147,
2324,0.2897822445561139,597,173,3,1,1152,
2325,0.2909698996655518,598,174,1,1,1153,
2326,0.29333333333333333,600,176,2,2,1155,
2327,0.2945091514143095,601,177,1,1,1156,
2328,0.2945091514143095,601,177,0,0,1158,
2329,0.2953795379537954,606,179,5,2,1164,
2330,0.2953795379537954,606,179,0,0,1165,
2331,0.2953795379537954,606,179,0,0,1165,
2332,0.2953795379537954,606,179,0,0,1165,
2333,0.2953795379537954,606,179,0,0,1168,
2334,0.2947882736156352,614,181,8,2,1169,
2335,0.2943089430894309,615,181,1,0,1168,
2336,0.2943089430894309,615,181,0,0,1168,
2337,0.2943089430894309,615,181,0,0,1168,
2338,0.2943089430894309,615,181,0,0,1169,
2339,0.2943089430894309,615,181,0,0,1169,
2340,0.2943089430894309,615,181,0,0,1169,
2341,0.2943089430894309,615,181,0,0,1169,
2342,0.29383116883116883,616,181,1,0,1170,
2343,0.2940226171243942,619,182,3,1,1173,
2344,0.2940226171243942,619,182,0,0,1174,
2345,0.29354838709677417,620,182,1,0,1174,
2346,0.29233226837060705,626,183,6,1,1174,
2347,0.29233226837060705,626,183,0,0,1174,
2348,0.29233226837060705,626,183,0,0,1174,
2349,0.29233226837060705,626,183,0,0,1175,
2350,0.29233226837060705,626,183,0,0,1175,
2351,0.29233226837060705,626,183,0,0,1175,
2352,0.29233226837060705,626,183,0,0,1175,
2353,0.2949526813880126,634,187,8,4,1183,
2354,0.2949526813880126,634,187,0,0,1183,
2355,0.29606299212598425,635,188,1,1,1184,
2356,0.29606299212598425,635,188,0,0,1184,
2357,0.29606299212598425,635,188,0,0,1184,
2358,0.29606299212598425,635,188,0,0,1184,
2359,0.29606299212598425,635,188,0,0,1184,
2360,0.29606299212598425,635,188,0,0,1184,
2361,0.29559748427672955,636,188,1,0,1185,
2362,0.2962382445141066,638,189,2,1,1187,
2363,0.2953125,640,189,2,0,1189,
2364,0.29595015576323985,642,190,2,1,1190,
2365,0.29595015576323985,642,190,0,0,1190,
2366,0.29595015576323985,642,190,0,0,1190,
2367,0.29595015576323985,642,190,0,0,1190,
2368,0.29595015576323985,642,190,0,0,1190,
2369,0.29595015576323985,642,190,0,0,1190,
2370,0.2954898911353033,643,190,1,0,1190,
2371,0.2950310559006211,644,190,1,0,1191,
2372,0.2961240310077519,645,191,1,1,1191,
2373,0.29339477726574503,651,191,6,0,1196,
2374,0.29339477726574503,651,191,0,0,1196,
2375,0.29339477726574503,651,191,0,0,1196,
2376,0.29339477726574503,651,191,0,0,1197,
2377,0.29339477726574503,651,191,0,0,1198,
2378,0.29339477726574503,651,191,0,0,1198,
2379,0.29249617151607965,653,191,2,0,1200,
2380,0.29249617151607965,653,191,0,0,1200,
2381,0.29204892966360857,654,191,1,0,1201,
2382,0.29204892966360857,654,191,0,0,1201,
2383,0.2917933130699088,658,192,4,1,1205,
2384,0.2917933130699088,658,192,0,0,1205,
2385,0.291350531107739,659,192,1,0,1206,
2386,0.29046898638426627,661,192,2,0,1207,
2387,0.29046898638426627,661,192,0,0,1207,
2388,0.29046898638426627,661,192,0,0,1208,
2389,0.29046898638426627,661,192,0,0,1208,
2390,0.29154078549848944,662,193,1,1,1209,
2391,0.2911010558069382,663,193,1,0,1210,
2392,0.29066265060240964,664,193,1,0,1208,
2393,0.29066265060240964,664,193,0,0,1208,
2394,0.29066265060240964,664,193,0,0,1207,
2395,0.29022556390977444,665,193,1,0,1208,
2396,0.2908545727136432,667,194,2,1,1210,
2397,0.2908545727136432,667,194,0,0,1210,
2398,0.2908545727136432,667,194,0,0,1211,
2399,0.2908545727136432,667,194,0,0,1211,
2400,0.2904191616766467,668,194,1,0,1211,
2401,0.2904191616766467,668,194,0,0,1211,
2402,0.28955223880597014,670,194,2,0,1211,
2403,0.28955223880597014,670,194,0,0,1211,
2404,0.28955223880597014,670,194,0,0,1211,
2405,0.28955223880597014,670,194,0,0,1211,
2406,0.28955223880597014,670,194,0,0,1211,
2407,0.28955223880597014,670,194,0,0,1211,
2408,0.28955223880597014,670,194,0,0,1211,
2409,0.28955223880597014,670,194,0,0,1212,
2410,0.2906110283159464,671,195,1,1,1213,
2411,0.29017857142857145,672,195,1,0,1214,
2412,0.29017857142857145,672,195,0,0,1214,
2413,0.29080118694362017,674,196,2,1,1216,
2414,0.28994082840236685,676,196,2,0,1218,
2415,0.2890855457227139,678,196,2,0,1220,
2416,0.28865979381443296,679,196,1,0,1221,
2417,0.28823529411764703,680,196,1,0,1222,
2418,0.2878120411160059,681,196,1,0,1223,
2419,0.2878120411160059,681,196,0,0,1223,
2420,0.28737300435413643,689,198,8,2,1232,
2421,0.28737300435413643,689,198,0,0,1232,
2422,0.28737300435413643,689,198,0,0,1236,
2423,0.28737300435413643,689,198,0,0,1237,
2424,0.28737300435413643,689,198,0,0,1237,
2425,0.28737300435413643,689,198,0,0,1239,
2426,0.28737300435413643,689,198,0,0,1240,
2427,0.28737300435413643,689,198,0,0,1240,
2428,0.28737300435413643,689,198,0,0,1240,
2429,0.28530259365994237,694,198,5,0,1241,
2430,0.2849002849002849,702,200,8,2,1248,
2431,0.2844950213371266,703,200,1,0,1249,
2432,0.2844950213371266,703,200,0,0,1249,
2433,0.2840909090909091,704,200,1,0,1250,
2434,0.2840909090909091,704,200,0,0,1250,
2435,0.28368794326241137,705,200,1,0,1251,
2436,0.28328611898017,706,200,1,0,1252,
2437,0.2849083215796897,709,202,3,2,1255,
2438,0.2861150070126227,713,204,4,2,1255,
2439,0.2859135285913529,717,205,4,1,1256,
2440,0.2859135285913529,717,205,0,0,1256,
2441,0.2859135285913529,717,205,0,0,1256,
2442,0.28690807799442897,718,206,1,1,1257,
2443,0.28690807799442897,718,206,0,0,1258,
2444,0.28690807799442897,718,206,0,0,1258,
2445,0.28690807799442897,718,206,0,0,1258,
2446,0.28690807799442897,718,206,0,0,1258,
2447,0.28690807799442897,718,206,0,0,1258,
2448,0.28690807799442897,718,206,0,0,1258,
2449,0.28690807799442897,718,206,0,0,1258,
2450,0.28690807799442897,718,206,0,0,1258,
2451,0.28690807799442897,718,206,0,0,1258,
2452,0.28690807799442897,718,206,0,0,1258,
2453,0.28690807799442897,718,206,0,0,1258,
2454,0.28690807799442897,718,206,0,0,1258,
2455,0.2857142857142857,721,206,3,0,1261,
2456,0.2857142857142857,721,206,0,0,1261,
2457,0.28591160220994477,724,207,3,1,1263,
2458,0.28551724137931034,725,207,1,0,1263,
2459,0.28551724137931034,725,207,0,0,1263,
2460,0.28551724137931034,725,207,0,0,1263,
2461,0.28551724137931034,725,207,0,0,1263,
2462,0.28551724137931034,725,207,0,0,1263,
2463,0.2865013774104683,726,208,1,1,1264,
2464,0.2865013774104683,726,208,0,0,1264,
2465,0.2865013774104683,726,208,0,0,1265,
2466,0.2865013774104683,726,208,0,0,1272,
2467,0.2865013774104683,726,208,0,0,1272,
2468,0.2861072902338377,727,208,1,0,1273,
2469,0.28708791208791207,728,209,1,1,1274,
2470,0.28708791208791207,728,209,0,0,1274,
2471,0.28708791208791207,728,209,0,0,1274,
2472,0.2863013698630137,730,209,2,0,1276,
2473,0.28667563930013457,743,213,13,4,1276,
2474,0.2859060402684564,745,213,2,0,1277,
2475,0.2855227882037534,746,213,1,0,1279,
2476,0.2855227882037534,746,213,0,0,1279,
2477,0.2855227882037534,746,213,0,0,1279,
2478,0.28647925033467203,747,214,1,1,1280,
2479,0.28609625668449196,748,214,1,0,1281,
2480,0.2857142857142857,749,214,1,0,1281,
2481,0.2857142857142857,749,214,0,0,1281,
2482,0.2857142857142857,749,214,0,0,1281,
2483,0.2853333333333333,750,214,1,0,1281,
2484,0.2853333333333333,750,214,0,0,1281,
2485,0.2853333333333333,750,214,0,0,1281,
2486,0.28495339547270304,751,214,1,0,1282,
2487,0.28495339547270304,751,214,0,0,1282,
2488,0.28495339547270304,751,214,0,0,1283,
2489,0.2859042553191489,752,215,1,1,1284,
2490,0.2864721485411141,754,216,2,1,1286,
2491,0.2864721485411141,754,216,0,0,1286,
2492,0.2864721485411141,754,216,0,0,1286,
2493,0.2864721485411141,754,216,0,0,1286,
2494,0.2864721485411141,754,216,0,0,1286,
2495,0.2864721485411141,754,216,0,0,1286,
2496,0.2864721485411141,754,216,0,0,1286,
2497,0.28741721854304636,755,217,1,1,1287,
2498,0.28741721854304636,755,217,0,0,1287,
2499,0.28741721854304636,755,217,0,0,1287,
2500,0.28835978835978837,756,218,1,1,1288,
2501,0.2892998678996037,757,219,1,1,1288,
2502,0.28891820580474936,758,219,1,0,1290,
2503,0.28891820580474936,758,219,0,0,1289,
2504,0.29172141918528255,761,222,3,3,1289,
2505,0.29133858267716534,762,222,1,0,1290,
2506,0.290956749672346,763,222,1,0,1291,
2507,0.290956749672346,763,222,0,0,1291,
2508,0.2905759162303665,764,222,1,0,1292,
2509,0.2901960784313726,765,222,1,0,1293,
2510,0.2898172323759791,766,222,1,0,1294,
2511,0.2894393741851369,767,222,1,0,1295,
2512,0.2890625,768,222,1,0,1296,
2513,0.2896103896103896,770,223,2,1,1296,
2514,0.2896103896103896,770,223,0,0,1296,
2515,0.2896103896103896,770,223,0,0,1296,
2516,0.2905317769130999,771,224,1,1,1297,
2517,0.2905317769130999,771,224,0,0,1297,
2518,0.2905317769130999,771,224,0,0,1298,
2519,0.2905317769130999,771,224,0,0,1298,
2520,0.2905317769130999,771,224,0,0,1298,
2521,0.2905317769130999,771,224,0,0,1298,
2522,0.2905317769130999,771,224,0,0,1298,
2523,0.2905317769130999,771,224,0,0,1298,
2524,0.2905317769130999,771,224,0,0,1298,
2525,0.2905317769130999,771,224,0,0,1298,
2526,0.2905317769130999,771,224,0,0,1299,
2527,0.2905317769130999,771,224,0,0,1299,
2528,0.2905317769130999,771,224,0,0,1300,
2529,0.2905317769130999,771,224,0,0,1300,
2530,0.2905317769130999,771,224,0,0,1300,
2531,0.2905317769130999,771,224,0,0,1300,
2532,0.2905317769130999,771,224,0,0,1301,
2533,0.2905317769130999,771,224,0,0,1301,
2534,0.2905317769130999,771,224,0,0,1301,
2535,0.2905317769130999,771,224,0,0,1301,
2536,0.29015544041450775,772,224,1,0,1302,
2537,0.29015544041450775,772,224,0,0,1302,
2538,0.29015544041450775,772,224,0,0,1302,
2539,0.29015544041450775,772,224,0,0,1302,
2540,0.29015544041450775,772,224,0,0,1302,
2541,0.29015544041450775,772,224,0,0,1302,
2542,0.29015544041450775,772,224,0,0,1302,
2543,0.29015544041450775,772,224,0,0,1302,
2544,0.29015544041450775,772,224,0,0,1302,
2545,0.29015544041450775,772,224,0,0,1302,
2546,0.29015544041450775,772,224,0,0,1302,
2547,0.29015544041450775,772,224,0,0,1302,
2548,0.29015544041450775,772,224,0,0,1302,
2549,0.29015544041450775,772,224,0,0,1302,
2550,0.29015544041450775,772,224,0,0,1302,
2551,0.29015544041450775,772,224,0,0,1302,
2552,0.29015544041450775,772,224,0,0,1302,
2553,0.29015544041450775,772,224,0,0,1302,
2554,0.29015544041450775,772,224,0,0,1303,
2555,0.29015544041450775,772,224,0,0,1303,
2556,0.2897800776196636,773,224,1,0,1304,
2557,0.2897800776196636,773,224,0,0,1304,
2558,0.2897800776196636,773,224,0,0,1304,
2559,0.2897800776196636,773,224,0,0,1304,
2560,0.2897800776196636,773,224,0,0,1304,
2561,0.2897800776196636,773,224,0,0,1304,
2562,0.2897800776196636,773,224,0,0,1304,
2563,0.2897800776196636,773,224,0,0,1303,
2564,0.2897800776196636,773,224,0,0,1303,
2565,0.2897800776196636,773,224,0,0,1303,
2566,0.2897800776196636,773,224,0,0,1303,
2567,0.2897800776196636,773,224,0,0,1303,
2568,0.2897800776196636,773,224,0,0,1303,
2569,0.28865979381443296,776,224,3,0,1306,
2570,0.28865979381443296,776,224,0,0,1306,
2571,0.2879177377892031,778,224,2,0,1308,
2572,0.28754813863928114,779,224,1,0,1309,
2573,0.28717948717948716,780,224,1,0,1310,
2574,0.28717948717948716,780,224,0,0,1310,
2575,0.28717948717948716,780,224,0,0,1310,
2576,0.28717948717948716,780,224,0,0,1310,
2577,0.28681177976952626,781,224,1,0,1310,
2578,0.28735632183908044,783,225,2,1,1312,
2579,0.28735632183908044,783,225,0,0,1313,
2580,0.28735632183908044,783,225,0,0,1313,
2581,0.28735632183908044,783,225,0,0,1313,
2582,0.28735632183908044,783,225,0,0,1313,
2583,0.28735632183908044,783,225,0,0,1313,
2584,0.2869897959183674,784,225,1,0,1314,
2585,0.2869897959183674,784,225,0,0,1314,
2586,0.2878980891719745,785,226,1,1,1316,
2587,0.2878787878787879,792,228,7,2,1319,
2588,0.287515762925599,793,228,1,0,1319,
2589,0.287515762925599,793,228,0,0,1319,
2590,0.28732747804265996,797,229,4,1,1323,
2591,0.28732747804265996,797,229,0,0,1323,
2592,0.2882205513784461,798,230,1,1,1324,
2593,0.2883895131086142,801,231,3,1,1328,
2594,0.2876712328767123,803,231,2,0,1329,
2595,0.2885572139303483,804,232,1,1,1330,
2596,0.2885572139303483,804,232,0,0,1330,
2597,0.2885572139303483,804,232,0,0,1330,
2598,0.2885572139303483,804,232,0,0,1330,
2599,0.2885572139303483,804,232,0,0,1330,
2600,0.2885572139303483,804,232,0,0,1330,
2601,0.2890818858560794,806,233,2,1,1332,
2602,0.2890818858560794,806,233,0,0,1341,
2603,0.28872366790582404,807,233,1,0,1342,
2604,0.2896039603960396,808,234,1,1,1343,
2605,0.2896039603960396,808,234,0,0,1343,
2606,0.2896039603960396,808,234,0,0,1342,
2607,0.2896039603960396,808,234,0,0,1342,
2608,0.2896039603960396,808,234,0,0,1341,
2609,0.2896039603960396,808,234,0,0,1341,
2610,0.2896039603960396,808,234,0,0,1341,
2611,0.28888888888888886,810,234,2,0,1344,
2612,0.28888888888888886,810,234,0,0,1344,
2613,0.28976572133168926,811,235,1,1,1345,
2614,0.28976572133168926,811,235,0,0,1345,
2615,0.2894088669950739,812,235,1,0,1345,
2616,0.2902829028290283,813,236,1,1,1344,
2617,0.28992628992628994,814,236,1,0,1344,
2618,0.28992628992628994,814,236,0,0,1344,
2619,0.28992628992628994,814,236,0,0,1344,
2620,0.28992628992628994,814,236,0,0,1344,
2621,0.28957055214723926,815,236,1,0,1344,
2622,0.28957055214723926,815,236,0,0,1344,
2623,0.2885085574572127,818,236,3,0,1344,
2624,0.28815628815628813,819,236,1,0,1344,
2625,0.28815628815628813,819,236,0,0,1344,
2626,0.28815628815628813,819,236,0,0,1344,
2627,0.28815628815628813,819,236,0,0,1345,
2628,0.28815628815628813,819,236,0,0,1345,
2629,0.28640776699029125,824,236,5,0,1346,
2630,0.28674698795180725,830,238,6,2,1346,
2631,0.28691476590636256,833,239,3,1,1347,
2632,0.28691476590636256,833,239,0,0,1348,
2633,0.2865707434052758,834,239,1,0,1349,
