Revision,AggregateAccuracy,TotalPredictions,CorrectPredictions,TotalPredictionsPerRevision,CorrectPredictionsPreRevision,NumberOfWorkItems,

1,NaN,0,0,0,0,0,
2,NaN,0,0,0,0,0,
3,NaN,0,0,0,0,0,
4,NaN,0,0,0,0,0,
5,NaN,0,0,0,0,0,
6,NaN,0,0,0,0,0,
7,NaN,0,0,0,0,0,
8,NaN,0,0,0,0,0,
9,NaN,0,0,0,0,0,
10,NaN,0,0,0,0,0,
11,NaN,0,0,0,0,0,
12,NaN,0,0,0,0,0,
13,NaN,0,0,0,0,0,
14,NaN,0,0,0,0,0,
15,NaN,0,0,0,0,0,
16,NaN,0,0,0,0,0,
17,NaN,0,0,0,0,0,
18,NaN,0,0,0,0,0,
19,NaN,0,0,0,0,0,
20,NaN,0,0,0,0,0,
21,NaN,0,0,0,0,0,
22,NaN,0,0,0,0,0,
23,NaN,0,0,0,0,0,
24,NaN,0,0,0,0,0,
25,NaN,0,0,0,0,0,
26,NaN,0,0,0,0,0,
27,NaN,0,0,0,0,0,
28,NaN,0,0,0,0,0,
29,NaN,0,0,0,0,0,
30,NaN,0,0,0,0,0,
31,NaN,0,0,0,0,0,
32,NaN,0,0,0,0,0,
33,NaN,0,0,0,0,0,
34,NaN,0,0,0,0,0,
35,NaN,0,0,0,0,0,
36,NaN,0,0,0,0,0,
37,NaN,0,0,0,0,0,
38,NaN,0,0,0,0,0,
39,NaN,0,0,0,0,0,
40,NaN,0,0,0,0,0,
41,NaN,0,0,0,0,0,
42,NaN,0,0,0,0,0,
43,NaN,0,0,0,0,0,
44,NaN,0,0,0,0,0,
45,NaN,0,0,0,0,0,
46,NaN,0,0,0,0,0,
47,NaN,0,0,0,0,0,
48,NaN,0,0,0,0,0,
49,NaN,0,0,0,0,0,
50,NaN,0,0,0,0,0,
51,NaN,0,0,0,0,0,
52,NaN,0,0,0,0,1,
53,NaN,0,0,0,0,1,
54,NaN,0,0,0,0,0,
55,NaN,0,0,0,0,0,
56,NaN,0,0,0,0,0,
57,NaN,0,0,0,0,0,
58,NaN,0,0,0,0,0,
59,NaN,0,0,0,0,0,
60,NaN,0,0,0,0,0,
61,NaN,0,0,0,0,0,
62,NaN,0,0,0,0,0,
63,NaN,0,0,0,0,0,
64,NaN,0,0,0,0,0,
65,NaN,0,0,0,0,0,
66,NaN,0,0,0,0,0,
67,NaN,0,0,0,0,0,
68,NaN,0,0,0,0,0,
69,NaN,0,0,0,0,0,
70,NaN,0,0,0,0,0,
71,NaN,0,0,0,0,0,
72,NaN,0,0,0,0,2,
73,NaN,0,0,0,0,2,
74,1.0,1,1,1,1,3,
75,0.5,8,4,7,3,8,
76,0.5,8,4,0,0,8,
77,0.4444444444444444,9,4,1,0,9,
78,0.4444444444444444,9,4,0,0,9,
79,0.4444444444444444,9,4,0,0,9,
80,0.4444444444444444,9,4,0,0,9,
81,0.4444444444444444,9,4,0,0,9,
82,0.4444444444444444,9,4,0,0,9,
83,0.4444444444444444,9,4,0,0,9,
84,0.4444444444444444,9,4,0,0,9,
85,0.4444444444444444,9,4,0,0,9,
86,0.4,10,4,1,0,10,
87,0.4,10,4,0,0,10,
88,0.4,10,4,0,0,10,
89,0.36363636363636365,11,4,1,0,12,
90,0.4166666666666667,12,5,1,1,13,
91,0.38461538461538464,13,5,1,0,22,
92,0.38461538461538464,13,5,0,0,22,
93,0.4375,16,7,3,2,25,
94,0.3888888888888889,18,7,2,0,28,
95,0.4090909090909091,22,9,4,2,31,
96,0.4090909090909091,22,9,0,0,31,
97,0.41935483870967744,31,13,9,4,42,
98,0.41935483870967744,31,13,0,0,42,
99,0.41935483870967744,31,13,0,0,42,
100,0.41935483870967744,31,13,0,0,42,
101,0.41935483870967744,31,13,0,0,42,
102,0.41935483870967744,31,13,0,0,42,
103,0.41935483870967744,31,13,0,0,42,
104,0.38235294117647056,34,13,3,0,45,
105,0.38235294117647056,34,13,0,0,46,
106,0.3783783783783784,37,14,3,1,50,
107,0.3783783783783784,37,14,0,0,52,
108,0.3783783783783784,37,14,0,0,52,
109,0.3783783783783784,37,14,0,0,52,
110,0.3783783783783784,37,14,0,0,52,
111,0.3783783783783784,37,14,0,0,52,
112,0.3783783783783784,37,14,0,0,52,
113,0.3783783783783784,37,14,0,0,56,
114,0.3783783783783784,37,14,0,0,56,
115,0.3684210526315789,38,14,1,0,58,
116,0.3684210526315789,38,14,0,0,57,
117,0.358974358974359,39,14,1,0,58,
118,0.358974358974359,39,14,0,0,60,
119,0.358974358974359,39,14,0,0,60,
120,0.35,40,14,1,0,61,
121,0.35,40,14,0,0,61,
122,0.35,40,14,0,0,62,
123,0.35,40,14,0,0,67,
124,0.34146341463414637,41,14,1,0,69,
125,0.34146341463414637,41,14,0,0,69,
126,0.34146341463414637,41,14,0,0,69,
127,0.3333333333333333,42,14,1,0,70,
128,0.3076923076923077,52,16,10,2,87,
129,0.3076923076923077,52,16,0,0,86,
130,0.3076923076923077,52,16,0,0,86,
131,0.3076923076923077,52,16,0,0,86,
132,0.3076923076923077,52,16,0,0,86,
133,0.3076923076923077,52,16,0,0,86,
134,0.3076923076923077,52,16,0,0,86,
135,0.3076923076923077,52,16,0,0,86,
136,0.3076923076923077,52,16,0,0,86,
137,0.3076923076923077,52,16,0,0,86,
138,0.3076923076923077,52,16,0,0,86,
139,0.3076923076923077,52,16,0,0,86,
140,0.3076923076923077,52,16,0,0,86,
141,0.3076923076923077,52,16,0,0,86,
142,0.3076923076923077,52,16,0,0,86,
143,0.3076923076923077,52,16,0,0,86,
144,0.3076923076923077,52,16,0,0,86,
145,0.3076923076923077,52,16,0,0,86,
146,0.26229508196721313,61,16,9,0,98,
147,0.25806451612903225,62,16,1,0,98,
148,0.2638888888888889,72,19,10,3,109,
149,0.2638888888888889,72,19,0,0,109,
150,0.2638888888888889,72,19,0,0,109,
151,0.2638888888888889,72,19,0,0,109,
152,0.2638888888888889,72,19,0,0,109,
153,0.2638888888888889,72,19,0,0,109,
154,0.2638888888888889,72,19,0,0,109,
155,0.2638888888888889,72,19,0,0,109,
156,0.2638888888888889,72,19,0,0,114,
157,0.2638888888888889,72,19,0,0,114,
158,0.2638888888888889,72,19,0,0,114,
159,0.2638888888888889,72,19,0,0,114,
160,0.2638888888888889,72,19,0,0,114,
161,0.2638888888888889,72,19,0,0,114,
162,0.2638888888888889,72,19,0,0,116,
163,0.2638888888888889,72,19,0,0,115,
164,0.2638888888888889,72,19,0,0,115,
165,0.2602739726027397,73,19,1,0,116,
166,0.2602739726027397,73,19,0,0,116,
167,0.2625,80,21,7,2,123,
168,0.2625,80,21,0,0,123,
169,0.2625,80,21,0,0,123,
170,0.2625,80,21,0,0,123,
171,0.2625,80,21,0,0,123,
172,0.2625,80,21,0,0,123,
173,0.2625,80,21,0,0,123,
174,0.2625,80,21,0,0,123,
175,0.2716049382716049,81,22,1,1,124,
176,0.26506024096385544,83,22,2,0,116,
177,0.2558139534883721,86,22,3,0,114,
178,0.2558139534883721,86,22,0,0,114,
179,0.25,88,22,2,0,116,
180,0.25,88,22,0,0,116,
181,0.25,88,22,0,0,116,
182,0.25,88,22,0,0,116,
183,0.25,88,22,0,0,116,
184,0.25,88,22,0,0,116,
185,0.25,88,22,0,0,116,
186,0.25,88,22,0,0,116,
187,0.2391304347826087,92,22,4,0,119,
188,0.2391304347826087,92,22,0,0,119,
189,0.23469387755102042,98,23,6,1,126,
190,0.23469387755102042,98,23,0,0,126,
191,0.23469387755102042,98,23,0,0,126,
192,0.23469387755102042,98,23,0,0,126,
193,0.22549019607843138,102,23,4,0,130,
194,0.22115384615384615,104,23,2,0,128,
195,0.22115384615384615,104,23,0,0,128,
196,0.22115384615384615,104,23,0,0,127,
197,0.2072072072072072,111,23,7,0,127,
198,0.20353982300884957,113,23,2,0,127,
199,0.20353982300884957,113,23,0,0,127,
200,0.20353982300884957,113,23,0,0,130,
201,0.20175438596491227,114,23,1,0,131,
202,0.20175438596491227,114,23,0,0,131,
203,0.20175438596491227,114,23,0,0,131,
204,0.20175438596491227,114,23,0,0,131,
205,0.21428571428571427,126,27,12,4,134,
206,0.21428571428571427,126,27,0,0,134,
207,0.21428571428571427,126,27,0,0,134,
208,0.21428571428571427,126,27,0,0,134,
209,0.21428571428571427,126,27,0,0,139,
210,0.2109375,128,27,2,0,141,
211,0.20610687022900764,131,27,3,0,144,
212,0.2014388489208633,139,28,8,1,152,
213,0.19858156028368795,141,28,2,0,153,
214,0.19858156028368795,141,28,0,0,154,
215,0.19718309859154928,142,28,1,0,155,
216,0.19718309859154928,142,28,0,0,155,
217,0.19718309859154928,142,28,0,0,155,
218,0.19718309859154928,142,28,0,0,155,
219,0.19718309859154928,142,28,0,0,155,
220,0.19718309859154928,142,28,0,0,155,
221,0.19718309859154928,142,28,0,0,155,
222,0.19718309859154928,142,28,0,0,155,
223,0.19718309859154928,142,28,0,0,155,
224,0.19718309859154928,142,28,0,0,155,
225,0.19718309859154928,142,28,0,0,155,
226,0.19718309859154928,142,28,0,0,155,
227,0.19718309859154928,142,28,0,0,155,
228,0.19718309859154928,142,28,0,0,155,
229,0.19718309859154928,142,28,0,0,155,
230,0.19718309859154928,142,28,0,0,155,
231,0.19718309859154928,142,28,0,0,155,
232,0.19718309859154928,142,28,0,0,155,
233,0.19718309859154928,142,28,0,0,155,
234,0.19718309859154928,142,28,0,0,155,
235,0.19718309859154928,142,28,0,0,155,
236,0.19718309859154928,142,28,0,0,155,
237,0.19718309859154928,142,28,0,0,155,
238,0.1958041958041958,143,28,1,0,156,
239,0.19310344827586207,145,28,2,0,158,
240,0.19310344827586207,145,28,0,0,159,
241,0.1891891891891892,148,28,3,0,159,
242,0.1891891891891892,148,28,0,0,159,
243,0.1891891891891892,148,28,0,0,159,
244,0.1891891891891892,148,28,0,0,159,
245,0.1891891891891892,148,28,0,0,159,
246,0.1891891891891892,148,28,0,0,159,
247,0.1891891891891892,148,28,0,0,159,
248,0.19333333333333333,150,29,2,1,157,
249,0.19333333333333333,150,29,0,0,157,
250,0.19333333333333333,150,29,0,0,157,
251,0.19333333333333333,150,29,0,0,157,
252,0.19333333333333333,150,29,0,0,157,
253,0.19333333333333333,150,29,0,0,157,
254,0.19333333333333333,150,29,0,0,157,
255,0.19333333333333333,150,29,0,0,157,
256,0.19333333333333333,150,29,0,0,157,
257,0.19333333333333333,150,29,0,0,157,
258,0.19333333333333333,150,29,0,0,157,
259,0.19333333333333333,150,29,0,0,157,
260,0.19333333333333333,150,29,0,0,157,
261,0.19333333333333333,150,29,0,0,157,
262,0.19205298013245034,151,29,1,0,157,
263,0.19205298013245034,151,29,0,0,157,
264,0.19205298013245034,151,29,0,0,157,
265,0.19205298013245034,151,29,0,0,157,
266,0.19205298013245034,151,29,0,0,157,
267,0.19205298013245034,151,29,0,0,160,
268,0.19205298013245034,151,29,0,0,160,
269,0.19205298013245034,151,29,0,0,160,
270,0.19205298013245034,151,29,0,0,160,
271,0.19205298013245034,151,29,0,0,160,
272,0.19205298013245034,151,29,0,0,160,
273,0.19745222929936307,157,31,6,2,166,
274,0.18902439024390244,164,31,7,0,173,
275,0.1952662721893491,169,33,5,2,178,
276,0.19298245614035087,171,33,2,0,180,
277,0.19298245614035087,171,33,0,0,180,
278,0.19767441860465115,172,34,1,1,181,
279,0.19653179190751446,173,34,1,0,182,
280,0.19653179190751446,173,34,0,0,182,
281,0.19653179190751446,173,34,0,0,182,
282,0.19653179190751446,173,34,0,0,182,
283,0.19653179190751446,173,34,0,0,182,
284,0.19653179190751446,173,34,0,0,182,
285,0.19653179190751446,173,34,0,0,182,
286,0.19653179190751446,173,34,0,0,182,
287,0.19653179190751446,173,34,0,0,182,
288,0.19653179190751446,173,34,0,0,182,
289,0.19653179190751446,173,34,0,0,182,
290,0.19653179190751446,173,34,0,0,182,
291,0.19540229885057472,174,34,1,0,182,
292,0.19540229885057472,174,34,0,0,182,
293,0.19540229885057472,174,34,0,0,182,
294,0.19540229885057472,174,34,0,0,182,
295,0.19318181818181818,176,34,2,0,184,
296,0.19101123595505617,178,34,2,0,186,
297,0.19101123595505617,178,34,0,0,186,
298,0.19101123595505617,178,34,0,0,186,
299,0.19101123595505617,178,34,0,0,186,
300,0.19101123595505617,178,34,0,0,186,
301,0.19101123595505617,178,34,0,0,186,
302,0.18888888888888888,180,34,2,0,191,
303,0.19672131147540983,183,36,3,2,194,
304,0.19672131147540983,183,36,0,0,194,
305,0.19672131147540983,183,36,0,0,194,
306,0.19672131147540983,183,36,0,0,194,
307,0.19786096256684493,187,37,4,1,198,
308,0.19786096256684493,187,37,0,0,198,
309,0.19786096256684493,187,37,0,0,198,
310,0.19786096256684493,187,37,0,0,198,
311,0.19786096256684493,187,37,0,0,198,
312,0.19786096256684493,187,37,0,0,198,
313,0.19786096256684493,187,37,0,0,198,
314,0.19786096256684493,187,37,0,0,198,
315,0.19680851063829788,188,37,1,0,198,
316,0.19680851063829788,188,37,0,0,199,
317,0.19680851063829788,188,37,0,0,199,
318,0.19680851063829788,188,37,0,0,199,
319,0.19680851063829788,188,37,0,0,199,
320,0.19680851063829788,188,37,0,0,199,
321,0.19576719576719576,189,37,1,0,200,
322,0.19576719576719576,189,37,0,0,200,
323,0.19576719576719576,189,37,0,0,200,
324,0.19576719576719576,189,37,0,0,200,
325,0.19270833333333334,192,37,3,0,203,
326,0.19270833333333334,192,37,0,0,203,
327,0.19270833333333334,192,37,0,0,203,
328,0.19270833333333334,192,37,0,0,203,
329,0.19487179487179487,195,38,3,1,206,
330,0.19387755102040816,196,38,1,0,208,
331,0.19387755102040816,196,38,0,0,208,
332,0.19387755102040816,196,38,0,0,208,
333,0.19387755102040816,196,38,0,0,208,
334,0.19090909090909092,220,42,24,4,225,
335,0.19090909090909092,220,42,0,0,225,
336,0.19090909090909092,220,42,0,0,224,
337,0.19090909090909092,220,42,0,0,224,
338,0.19090909090909092,220,42,0,0,224,
339,0.19090909090909092,220,42,0,0,224,
340,0.19090909090909092,220,42,0,0,224,
341,0.19090909090909092,220,42,0,0,224,
342,0.19090909090909092,220,42,0,0,223,
343,0.19090909090909092,220,42,0,0,223,
344,0.19090909090909092,220,42,0,0,223,
345,0.19090909090909092,220,42,0,0,223,
346,0.19090909090909092,220,42,0,0,223,
347,0.19090909090909092,220,42,0,0,223,
348,0.1891891891891892,222,42,2,0,225,
349,0.1891891891891892,222,42,0,0,225,
350,0.1891891891891892,222,42,0,0,225,
351,0.1891891891891892,222,42,0,0,225,
352,0.1891891891891892,222,42,0,0,225,
353,0.1891891891891892,222,42,0,0,225,
354,0.1891891891891892,222,42,0,0,225,
355,0.1891891891891892,222,42,0,0,225,
356,0.1891891891891892,222,42,0,0,225,
357,0.1891891891891892,222,42,0,0,225,
358,0.1891891891891892,222,42,0,0,225,
359,0.1891891891891892,222,42,0,0,225,
360,0.1891891891891892,222,42,0,0,225,
361,0.1891891891891892,222,42,0,0,225,
362,0.1891891891891892,222,42,0,0,225,
363,0.1891891891891892,222,42,0,0,225,
364,0.1891891891891892,222,42,0,0,225,
365,0.1891891891891892,222,42,0,0,225,
366,0.1891891891891892,222,42,0,0,225,
367,0.1891891891891892,222,42,0,0,225,
368,0.1891891891891892,222,42,0,0,225,
369,0.1891891891891892,222,42,0,0,225,
370,0.1891891891891892,222,42,0,0,225,
371,0.1891891891891892,222,42,0,0,225,
372,0.1891891891891892,222,42,0,0,225,
373,0.1891891891891892,222,42,0,0,225,
374,0.1891891891891892,222,42,0,0,225,
375,0.1891891891891892,222,42,0,0,225,
376,0.19642857142857142,224,44,2,2,227,
377,0.19298245614035087,228,44,4,0,230,
378,0.19298245614035087,228,44,0,0,230,
379,0.19298245614035087,228,44,0,0,230,
380,0.19298245614035087,228,44,0,0,230,
381,0.1939655172413793,232,45,4,1,234,
382,0.1939655172413793,232,45,0,0,234,
383,0.1939655172413793,232,45,0,0,234,
384,0.1939655172413793,232,45,0,0,234,
385,0.1939655172413793,232,45,0,0,234,
386,0.1939655172413793,232,45,0,0,234,
387,0.1939655172413793,232,45,0,0,234,
388,0.1939655172413793,232,45,0,0,234,
389,0.1939655172413793,232,45,0,0,234,
390,0.1939655172413793,232,45,0,0,234,
391,0.1939655172413793,232,45,0,0,234,
392,0.1939655172413793,232,45,0,0,234,
393,0.19313304721030042,233,45,1,0,235,
394,0.19313304721030042,233,45,0,0,235,
395,0.19313304721030042,233,45,0,0,235,
396,0.19313304721030042,233,45,0,0,235,
397,0.19313304721030042,233,45,0,0,235,
398,0.19313304721030042,233,45,0,0,235,
399,0.19313304721030042,233,45,0,0,235,
400,0.19313304721030042,233,45,0,0,235,
401,0.19313304721030042,233,45,0,0,235,
402,0.19658119658119658,234,46,1,1,236,
403,0.19658119658119658,234,46,0,0,236,
404,0.19658119658119658,234,46,0,0,236,
405,0.19658119658119658,234,46,0,0,236,
406,0.19658119658119658,234,46,0,0,236,
407,0.19658119658119658,234,46,0,0,236,
408,0.19658119658119658,234,46,0,0,236,
409,0.19658119658119658,234,46,0,0,236,
410,0.19658119658119658,234,46,0,0,236,
411,0.19658119658119658,234,46,0,0,237,
412,0.19658119658119658,234,46,0,0,239,
413,0.19658119658119658,234,46,0,0,240,
414,0.19658119658119658,234,46,0,0,240,
415,0.19658119658119658,234,46,0,0,241,
416,0.19658119658119658,234,46,0,0,241,
417,0.19658119658119658,234,46,0,0,241,
418,0.19658119658119658,234,46,0,0,243,
419,0.19658119658119658,234,46,0,0,244,
420,0.19658119658119658,234,46,0,0,246,
421,0.19658119658119658,234,46,0,0,248,
422,0.19658119658119658,234,46,0,0,250,
423,0.19658119658119658,234,46,0,0,252,
424,0.19574468085106383,235,46,1,0,252,
425,0.19491525423728814,236,46,1,0,252,
426,0.19831223628691982,237,47,1,1,252,
427,0.20416666666666666,240,49,3,2,252,
428,0.20883534136546184,249,52,9,3,252,
429,0.20883534136546184,249,52,0,0,252,
430,0.20883534136546184,249,52,0,0,251,
431,0.20883534136546184,249,52,0,0,251,
432,0.20883534136546184,249,52,0,0,251,
433,0.212,250,53,1,1,252,
434,0.2134387351778656,253,54,3,1,255,
435,0.2125984251968504,254,54,1,0,256,
436,0.2125984251968504,254,54,0,0,256,
437,0.2125984251968504,254,54,0,0,256,
438,0.2109375,256,54,2,0,258,
439,0.21011673151750973,257,54,1,0,259,
440,0.2131782945736434,258,55,1,1,260,
441,0.2131782945736434,258,55,0,0,260,
442,0.21153846153846154,260,55,2,0,262,
443,0.210727969348659,261,55,1,0,263,
444,0.21673003802281368,263,57,2,2,265,
445,0.2196969696969697,264,58,1,1,266,
446,0.2196969696969697,264,58,0,0,266,
447,0.2196969696969697,264,58,0,0,267,
448,0.2188679245283019,265,58,1,0,269,
449,0.21933085501858737,269,59,4,1,273,
450,0.22426470588235295,272,61,3,2,276,
451,0.22262773722627738,274,61,2,0,278,
452,0.22181818181818183,275,61,1,0,279,
453,0.2210144927536232,276,61,1,0,280,
454,0.22302158273381295,278,62,2,1,282,
455,0.2323943661971831,284,66,6,4,288,
456,0.23508771929824562,285,67,1,1,289,
457,0.23693379790940766,287,68,2,1,291,
458,0.23958333333333334,288,69,1,1,292,
459,0.2413793103448276,290,70,2,1,294,
460,0.24573378839590443,293,72,3,2,297,
461,0.25,296,74,3,2,298,
462,0.25,296,74,0,0,298,
463,0.25,296,74,0,0,298,
464,0.2532894736842105,304,77,8,3,306,
465,0.25245901639344265,305,77,1,0,306,
466,0.250814332247557,307,77,2,0,308,
467,0.25,308,77,1,0,309,
468,0.24919093851132687,309,77,1,0,310,
469,0.2467948717948718,312,77,3,0,313,
470,0.2484076433121019,314,78,2,1,315,
471,0.24528301886792453,318,78,4,0,319,
472,0.24375,320,78,2,0,321,
473,0.2484472049689441,322,80,2,2,323,
474,0.25,324,81,2,1,325,
475,0.25301204819277107,332,84,8,3,333,
476,0.2507462686567164,335,84,3,0,336,
477,0.25219941348973607,341,86,6,2,342,
478,0.2492753623188406,345,86,4,0,346,
479,0.2514450867052023,346,87,1,1,346,
480,0.2514450867052023,346,87,0,0,345,
481,0.2514450867052023,346,87,0,0,345,
482,0.2514450867052023,346,87,0,0,345,
483,0.2514450867052023,346,87,0,0,345,
484,0.2514450867052023,346,87,0,0,345,
485,0.2514450867052023,346,87,0,0,345,
486,0.2514450867052023,346,87,0,0,345,
487,0.2514450867052023,346,87,0,0,345,
488,0.25287356321839083,348,88,2,1,347,
489,0.25287356321839083,348,88,0,0,347,
490,0.25287356321839083,348,88,0,0,347,
491,0.25287356321839083,348,88,0,0,347,
492,0.25287356321839083,348,88,0,0,347,
493,0.25280898876404495,356,90,8,2,347,
494,0.25280898876404495,356,90,0,0,347,
495,0.25280898876404495,356,90,0,0,347,
496,0.25280898876404495,356,90,0,0,347,
497,0.2569060773480663,362,93,6,3,353,
498,0.25885558583106266,367,95,5,2,354,
499,0.25885558583106266,367,95,0,0,354,
500,0.25885558583106266,367,95,0,0,354,
501,0.25885558583106266,367,95,0,0,354,
502,0.25885558583106266,367,95,0,0,354,
503,0.25885558583106266,367,95,0,0,354,
504,0.25885558583106266,367,95,0,0,354,
505,0.25885558583106266,367,95,0,0,354,
506,0.25885558583106266,367,95,0,0,354,
507,0.25885558583106266,367,95,0,0,354,
508,0.25745257452574527,369,95,2,0,354,
509,0.2532981530343008,379,96,10,1,356,
510,0.25526315789473686,380,97,1,1,356,
511,0.25392670157068065,382,97,2,0,358,
512,0.2558746736292428,383,98,1,1,359,
513,0.2552083333333333,384,98,1,0,360,
514,0.2552083333333333,384,98,0,0,360,
515,0.2552083333333333,384,98,0,0,360,
516,0.2570694087403599,389,100,5,2,365,
517,0.2570694087403599,389,100,0,0,366,
518,0.2570694087403599,389,100,0,0,366,
519,0.2564102564102564,390,100,1,0,366,
520,0.2564102564102564,390,100,0,0,367,
521,0.2557544757033248,391,100,1,0,367,
522,0.25569620253164554,395,101,4,1,370,
523,0.2634146341463415,410,108,15,7,371,
524,0.2645631067961165,412,109,2,1,371,
525,0.25952380952380955,420,109,8,0,372,
526,0.25952380952380955,420,109,0,0,372,
527,0.25952380952380955,420,109,0,0,372,
528,0.25952380952380955,420,109,0,0,374,
529,0.26218097447795824,431,113,11,4,378,
530,0.26218097447795824,431,113,0,0,381,
531,0.2638888888888889,432,114,1,1,382,
532,0.2638888888888889,432,114,0,0,382,
533,0.2638888888888889,432,114,0,0,381,
534,0.26558891454965355,433,115,1,1,381,
535,0.26497695852534564,434,115,1,0,382,
536,0.26666666666666666,435,116,1,1,379,
537,0.26651480637813213,439,117,4,1,378,
538,0.2696629213483146,445,120,6,3,379,
539,0.26905829596412556,446,120,1,0,380,
540,0.26905829596412556,446,120,0,0,380,
541,0.26905829596412556,446,120,0,0,379,
542,0.26905829596412556,446,120,0,0,379,
543,0.27312775330396477,454,124,8,4,379,
544,0.2741228070175439,456,125,2,1,381,
545,0.2735229759299781,457,125,1,0,382,
546,0.2735229759299781,457,125,0,0,382,
547,0.2735229759299781,457,125,0,0,382,
548,0.2735229759299781,457,125,0,0,382,
549,0.27705627705627706,462,128,5,3,389,
550,0.27705627705627706,462,128,0,0,389,
551,0.27705627705627706,462,128,0,0,389,
552,0.27705627705627706,462,128,0,0,389,
553,0.2815126050420168,476,134,14,6,405,
554,0.2815126050420168,476,134,0,0,405,
555,0.2774327122153209,483,134,7,0,403,
556,0.278118609406953,489,136,6,2,414,
557,0.2782258064516129,496,138,7,2,418,
558,0.27710843373493976,498,138,2,0,424,
559,0.2759295499021526,511,141,13,3,426,
560,0.2759295499021526,511,141,0,0,426,
561,0.2759295499021526,511,141,0,0,426,
562,0.2759295499021526,511,141,0,0,426,
563,0.2759295499021526,511,141,0,0,425,
564,0.275390625,512,141,1,0,425,
565,0.275390625,512,141,0,0,425,
566,0.275390625,512,141,0,0,425,
567,0.275390625,512,141,0,0,425,
568,0.275390625,512,141,0,0,425,
569,0.2746615087040619,517,142,5,1,425,
570,0.2746615087040619,517,142,0,0,425,
571,0.27552986512524086,519,143,2,1,425,
572,0.27552986512524086,519,143,0,0,425,
573,0.27533460803059273,523,144,4,1,425,
574,0.27514231499051234,527,145,4,1,425,
575,0.2741020793950851,529,145,2,0,427,
576,0.2741020793950851,529,145,0,0,427,
577,0.275092936802974,538,148,9,3,428,
578,0.2764378478664193,539,149,1,1,428,
579,0.2764378478664193,539,149,0,0,428,
580,0.2764378478664193,539,149,0,0,428,
581,0.2764378478664193,539,149,0,0,428,
582,0.2759259259259259,540,149,1,0,429,
583,0.2754158964879852,541,149,1,0,430,
584,0.2754158964879852,541,149,0,0,430,
585,0.27490774907749077,542,149,1,0,432,
586,0.27624309392265195,543,150,1,1,433,
587,0.2781818181818182,550,153,7,3,440,
588,0.2781818181818182,550,153,0,0,440,
589,0.2776769509981851,551,153,1,0,441,
590,0.2776769509981851,551,153,0,0,441,
591,0.27717391304347827,552,153,1,0,442,
592,0.2779783393501805,554,154,2,1,442,
593,0.2787769784172662,556,155,2,1,442,
594,0.2777777777777778,558,155,2,0,442,
595,0.2777777777777778,558,155,0,0,442,
596,0.2786596119929453,567,158,9,3,443,
597,0.27943760984182775,569,159,2,1,443,
598,0.2782608695652174,575,160,6,1,443,
599,0.2782608695652174,575,160,0,0,443,
600,0.27902946273830154,577,161,2,1,443,
601,0.27787307032590053,583,162,6,1,442,
602,0.27787307032590053,583,162,0,0,442,
603,0.27787307032590053,583,162,0,0,442,
604,0.27787307032590053,583,162,0,0,442,
605,0.27787307032590053,583,162,0,0,442,
606,0.2767402376910017,589,163,6,1,445,
607,0.2767402376910017,589,163,0,0,445,
608,0.2767402376910017,589,163,0,0,445,
609,0.2767402376910017,589,163,0,0,445,
610,0.2767402376910017,589,163,0,0,445,
611,0.2767402376910017,589,163,0,0,445,
612,0.2767402376910017,589,163,0,0,445,
613,0.2767402376910017,589,163,0,0,445,
614,0.2767402376910017,589,163,0,0,445,
615,0.2767402376910017,589,163,0,0,445,
616,0.2767402376910017,589,163,0,0,445,
617,0.27627118644067794,590,163,1,0,445,
618,0.27627118644067794,590,163,0,0,445,
619,0.27627118644067794,590,163,0,0,445,
620,0.27378964941569284,599,164,9,1,450,
621,0.27378964941569284,599,164,0,0,450,
622,0.2757475083056478,602,166,3,2,450,
623,0.27483443708609273,604,166,2,0,450,
624,0.27483443708609273,604,166,0,0,450,
625,0.2746710526315789,608,167,4,1,450,
626,0.2742200328407225,609,167,1,0,450,
627,0.27377049180327867,610,167,1,0,450,
