Revision,AggregateAccuracy,TotalPredictions,CorrectPredictions,TotalPredictionsPerRevision,CorrectPredictionsPreRevision,NumberOfWorkItems,

1,NaN,0,0,0,0,766,
2,NaN,0,0,0,0,766,
3,NaN,0,0,0,0,766,
4,NaN,0,0,0,0,766,
5,NaN,0,0,0,0,766,
6,NaN,0,0,0,0,766,
7,NaN,0,0,0,0,766,
8,NaN,0,0,0,0,766,
9,NaN,0,0,0,0,766,
10,NaN,0,0,0,0,766,
11,NaN,0,0,0,0,766,
12,NaN,0,0,0,0,766,
13,NaN,0,0,0,0,766,
14,NaN,0,0,0,0,766,
15,NaN,0,0,0,0,766,
16,NaN,0,0,0,0,766,
17,NaN,0,0,0,0,766,
18,NaN,0,0,0,0,766,
19,NaN,0,0,0,0,766,
20,NaN,0,0,0,0,766,
21,NaN,0,0,0,0,766,
22,NaN,0,0,0,0,766,
23,NaN,0,0,0,0,766,
24,NaN,0,0,0,0,766,
25,NaN,0,0,0,0,766,
26,NaN,0,0,0,0,766,
27,NaN,0,0,0,0,766,
28,NaN,0,0,0,0,766,
29,NaN,0,0,0,0,766,
30,NaN,0,0,0,0,766,
31,NaN,0,0,0,0,766,
32,NaN,0,0,0,0,766,
33,NaN,0,0,0,0,766,
34,NaN,0,0,0,0,766,
35,NaN,0,0,0,0,766,
36,NaN,0,0,0,0,766,
37,NaN,0,0,0,0,766,
38,NaN,0,0,0,0,766,
39,NaN,0,0,0,0,766,
40,NaN,0,0,0,0,766,
41,NaN,0,0,0,0,766,
42,NaN,0,0,0,0,766,
43,NaN,0,0,0,0,766,
44,NaN,0,0,0,0,766,
45,NaN,0,0,0,0,766,
46,NaN,0,0,0,0,766,
47,NaN,0,0,0,0,766,
48,NaN,0,0,0,0,766,
49,NaN,0,0,0,0,766,
50,NaN,0,0,0,0,766,
51,NaN,0,0,0,0,766,
52,NaN,0,0,0,0,766,
53,NaN,0,0,0,0,766,
54,NaN,0,0,0,0,766,
55,NaN,0,0,0,0,766,
56,NaN,0,0,0,0,766,
57,NaN,0,0,0,0,766,
58,NaN,0,0,0,0,766,
59,NaN,0,0,0,0,766,
60,NaN,0,0,0,0,766,
61,NaN,0,0,0,0,766,
62,NaN,0,0,0,0,766,
63,NaN,0,0,0,0,766,
64,NaN,0,0,0,0,766,
65,NaN,0,0,0,0,766,
66,NaN,0,0,0,0,766,
67,NaN,0,0,0,0,766,
68,NaN,0,0,0,0,766,
69,NaN,0,0,0,0,766,
70,NaN,0,0,0,0,766,
71,NaN,0,0,0,0,766,
72,NaN,0,0,0,0,766,
73,NaN,0,0,0,0,766,
74,NaN,0,0,0,0,766,
75,NaN,0,0,0,0,766,
76,NaN,0,0,0,0,766,
77,NaN,0,0,0,0,766,
78,NaN,0,0,0,0,766,
79,NaN,0,0,0,0,766,
80,NaN,0,0,0,0,766,
81,NaN,0,0,0,0,766,
82,NaN,0,0,0,0,766,
83,NaN,0,0,0,0,766,
84,NaN,0,0,0,0,766,
85,NaN,0,0,0,0,766,
86,NaN,0,0,0,0,766,
87,NaN,0,0,0,0,766,
88,NaN,0,0,0,0,766,
89,NaN,0,0,0,0,766,
90,NaN,0,0,0,0,766,
91,NaN,0,0,0,0,766,
92,NaN,0,0,0,0,766,
93,NaN,0,0,0,0,766,
94,NaN,0,0,0,0,766,
95,NaN,0,0,0,0,766,
96,NaN,0,0,0,0,766,
97,NaN,0,0,0,0,766,
98,NaN,0,0,0,0,766,
99,NaN,0,0,0,0,766,
100,NaN,0,0,0,0,766,
101,NaN,0,0,0,0,766,
102,NaN,0,0,0,0,766,
103,NaN,0,0,0,0,766,
104,NaN,0,0,0,0,766,
105,NaN,0,0,0,0,766,
106,NaN,0,0,0,0,766,
107,NaN,0,0,0,0,766,
108,NaN,0,0,0,0,766,
109,NaN,0,0,0,0,766,
110,NaN,0,0,0,0,766,
111,NaN,0,0,0,0,766,
112,NaN,0,0,0,0,766,
113,NaN,0,0,0,0,766,
114,NaN,0,0,0,0,766,
115,NaN,0,0,0,0,766,
116,NaN,0,0,0,0,766,
117,NaN,0,0,0,0,766,
118,NaN,0,0,0,0,766,
119,NaN,0,0,0,0,766,
120,NaN,0,0,0,0,766,
121,NaN,0,0,0,0,766,
122,NaN,0,0,0,0,766,
123,NaN,0,0,0,0,766,
124,NaN,0,0,0,0,766,
125,NaN,0,0,0,0,766,
126,NaN,0,0,0,0,766,
127,NaN,0,0,0,0,766,
128,NaN,0,0,0,0,766,
129,NaN,0,0,0,0,766,
130,NaN,0,0,0,0,766,
131,NaN,0,0,0,0,766,
132,NaN,0,0,0,0,766,
133,NaN,0,0,0,0,766,
134,NaN,0,0,0,0,766,
135,NaN,0,0,0,0,766,
136,NaN,0,0,0,0,766,
137,NaN,0,0,0,0,766,
138,NaN,0,0,0,0,766,
139,NaN,0,0,0,0,766,
140,NaN,0,0,0,0,766,
141,NaN,0,0,0,0,766,
142,NaN,0,0,0,0,766,
143,NaN,0,0,0,0,766,
144,NaN,0,0,0,0,766,
145,NaN,0,0,0,0,766,
146,NaN,0,0,0,0,766,
147,NaN,0,0,0,0,766,
148,NaN,0,0,0,0,766,
149,NaN,0,0,0,0,766,
150,NaN,0,0,0,0,766,
151,NaN,0,0,0,0,766,
152,NaN,0,0,0,0,766,
153,NaN,0,0,0,0,766,
154,NaN,0,0,0,0,766,
155,NaN,0,0,0,0,766,
156,NaN,0,0,0,0,766,
157,NaN,0,0,0,0,766,
158,NaN,0,0,0,0,766,
159,NaN,0,0,0,0,766,
160,NaN,0,0,0,0,766,
161,NaN,0,0,0,0,766,
162,NaN,0,0,0,0,766,
163,NaN,0,0,0,0,766,
164,NaN,0,0,0,0,766,
165,NaN,0,0,0,0,766,
166,NaN,0,0,0,0,766,
167,NaN,0,0,0,0,766,
168,NaN,0,0,0,0,766,
169,NaN,0,0,0,0,766,
170,NaN,0,0,0,0,766,
171,NaN,0,0,0,0,766,
172,NaN,0,0,0,0,766,
173,NaN,0,0,0,0,766,
174,NaN,0,0,0,0,766,
175,NaN,0,0,0,0,766,
176,NaN,0,0,0,0,766,
177,NaN,0,0,0,0,766,
178,NaN,0,0,0,0,766,
179,NaN,0,0,0,0,766,
180,NaN,0,0,0,0,766,
181,NaN,0,0,0,0,766,
182,NaN,0,0,0,0,766,
183,NaN,0,0,0,0,766,
184,NaN,0,0,0,0,766,
185,NaN,0,0,0,0,766,
186,NaN,0,0,0,0,766,
187,NaN,0,0,0,0,766,
188,NaN,0,0,0,0,766,
189,NaN,0,0,0,0,766,
190,NaN,0,0,0,0,766,
191,NaN,0,0,0,0,766,
192,NaN,0,0,0,0,766,
193,NaN,0,0,0,0,766,
194,NaN,0,0,0,0,766,
195,NaN,0,0,0,0,766,
196,NaN,0,0,0,0,766,
197,NaN,0,0,0,0,766,
198,NaN,0,0,0,0,766,
199,NaN,0,0,0,0,766,
200,NaN,0,0,0,0,766,
201,NaN,0,0,0,0,766,
202,NaN,0,0,0,0,766,
203,NaN,0,0,0,0,766,
204,NaN,0,0,0,0,766,
205,NaN,0,0,0,0,766,
206,NaN,0,0,0,0,766,
207,NaN,0,0,0,0,766,
208,NaN,0,0,0,0,766,
209,NaN,0,0,0,0,766,
210,NaN,0,0,0,0,766,
211,NaN,0,0,0,0,766,
212,NaN,0,0,0,0,766,
213,NaN,0,0,0,0,766,
214,NaN,0,0,0,0,766,
215,NaN,0,0,0,0,766,
216,NaN,0,0,0,0,766,
217,NaN,0,0,0,0,766,
218,NaN,0,0,0,0,766,
219,NaN,0,0,0,0,766,
220,NaN,0,0,0,0,766,
221,NaN,0,0,0,0,766,
222,NaN,0,0,0,0,766,
223,NaN,0,0,0,0,766,
224,NaN,0,0,0,0,766,
225,NaN,0,0,0,0,766,
226,NaN,0,0,0,0,766,
227,NaN,0,0,0,0,766,
228,NaN,0,0,0,0,766,
229,NaN,0,0,0,0,766,
230,NaN,0,0,0,0,766,
231,NaN,0,0,0,0,766,
232,NaN,0,0,0,0,766,
233,NaN,0,0,0,0,766,
234,NaN,0,0,0,0,766,
235,NaN,0,0,0,0,766,
236,NaN,0,0,0,0,766,
237,NaN,0,0,0,0,766,
238,NaN,0,0,0,0,766,
239,NaN,0,0,0,0,766,
240,NaN,0,0,0,0,766,
241,NaN,0,0,0,0,766,
242,NaN,0,0,0,0,766,
243,NaN,0,0,0,0,766,
244,NaN,0,0,0,0,766,
245,NaN,0,0,0,0,766,
246,NaN,0,0,0,0,766,
247,NaN,0,0,0,0,766,
248,NaN,0,0,0,0,766,
249,NaN,0,0,0,0,766,
250,NaN,0,0,0,0,766,
251,NaN,0,0,0,0,766,
252,NaN,0,0,0,0,766,
253,NaN,0,0,0,0,766,
254,NaN,0,0,0,0,766,
255,NaN,0,0,0,0,766,
256,NaN,0,0,0,0,766,
257,NaN,0,0,0,0,766,
258,NaN,0,0,0,0,766,
259,NaN,0,0,0,0,766,
260,NaN,0,0,0,0,766,
261,NaN,0,0,0,0,766,
262,NaN,0,0,0,0,766,
263,NaN,0,0,0,0,766,
264,NaN,0,0,0,0,766,
265,NaN,0,0,0,0,766,
266,NaN,0,0,0,0,766,
267,NaN,0,0,0,0,766,
268,NaN,0,0,0,0,766,
269,NaN,0,0,0,0,766,
270,NaN,0,0,0,0,766,
271,NaN,0,0,0,0,766,
272,NaN,0,0,0,0,766,
273,NaN,0,0,0,0,766,
274,NaN,0,0,0,0,766,
275,NaN,0,0,0,0,766,
276,NaN,0,0,0,0,766,
277,NaN,0,0,0,0,766,
278,NaN,0,0,0,0,766,
279,NaN,0,0,0,0,766,
280,NaN,0,0,0,0,766,
281,NaN,0,0,0,0,766,
282,NaN,0,0,0,0,766,
283,NaN,0,0,0,0,766,
284,NaN,0,0,0,0,766,
285,NaN,0,0,0,0,766,
286,NaN,0,0,0,0,766,
287,NaN,0,0,0,0,766,
288,NaN,0,0,0,0,766,
289,NaN,0,0,0,0,766,
290,NaN,0,0,0,0,766,
291,NaN,0,0,0,0,766,
292,NaN,0,0,0,0,766,
293,NaN,0,0,0,0,766,
294,NaN,0,0,0,0,766,
295,NaN,0,0,0,0,766,
296,NaN,0,0,0,0,766,
297,NaN,0,0,0,0,766,
298,NaN,0,0,0,0,766,
299,NaN,0,0,0,0,766,
300,NaN,0,0,0,0,766,
301,NaN,0,0,0,0,766,
302,NaN,0,0,0,0,766,
303,NaN,0,0,0,0,766,
304,NaN,0,0,0,0,766,
305,NaN,0,0,0,0,766,
306,NaN,0,0,0,0,766,
307,NaN,0,0,0,0,766,
308,NaN,0,0,0,0,766,
309,NaN,0,0,0,0,766,
310,NaN,0,0,0,0,766,
311,NaN,0,0,0,0,766,
312,NaN,0,0,0,0,766,
313,NaN,0,0,0,0,766,
314,NaN,0,0,0,0,766,
315,NaN,0,0,0,0,766,
316,NaN,0,0,0,0,766,
317,NaN,0,0,0,0,766,
318,NaN,0,0,0,0,766,
319,NaN,0,0,0,0,766,
320,NaN,0,0,0,0,766,
321,NaN,0,0,0,0,766,
322,NaN,0,0,0,0,766,
323,NaN,0,0,0,0,766,
324,NaN,0,0,0,0,766,
325,NaN,0,0,0,0,766,
326,NaN,0,0,0,0,766,
327,NaN,0,0,0,0,766,
328,NaN,0,0,0,0,766,
329,NaN,0,0,0,0,766,
330,NaN,0,0,0,0,766,
331,NaN,0,0,0,0,766,
332,NaN,0,0,0,0,766,
333,NaN,0,0,0,0,766,
334,NaN,0,0,0,0,766,
335,NaN,0,0,0,0,766,
336,NaN,0,0,0,0,766,
337,NaN,0,0,0,0,766,
338,NaN,0,0,0,0,766,
339,NaN,0,0,0,0,766,
340,NaN,0,0,0,0,766,
341,NaN,0,0,0,0,766,
342,NaN,0,0,0,0,766,
343,NaN,0,0,0,0,766,
344,NaN,0,0,0,0,766,
345,NaN,0,0,0,0,766,
346,NaN,0,0,0,0,766,
347,NaN,0,0,0,0,766,
348,NaN,0,0,0,0,766,
349,NaN,0,0,0,0,766,
350,NaN,0,0,0,0,766,
351,NaN,0,0,0,0,766,
352,NaN,0,0,0,0,766,
353,NaN,0,0,0,0,766,
354,NaN,0,0,0,0,766,
355,NaN,0,0,0,0,766,
356,NaN,0,0,0,0,766,
357,NaN,0,0,0,0,766,
358,NaN,0,0,0,0,766,
359,NaN,0,0,0,0,766,
360,NaN,0,0,0,0,766,
361,NaN,0,0,0,0,766,
362,NaN,0,0,0,0,766,
363,NaN,0,0,0,0,766,
364,NaN,0,0,0,0,766,
365,NaN,0,0,0,0,766,
366,NaN,0,0,0,0,766,
367,NaN,0,0,0,0,766,
368,NaN,0,0,0,0,766,
369,NaN,0,0,0,0,766,
370,NaN,0,0,0,0,766,
371,NaN,0,0,0,0,766,
372,NaN,0,0,0,0,766,
373,NaN,0,0,0,0,766,
374,NaN,0,0,0,0,766,
375,NaN,0,0,0,0,766,
376,NaN,0,0,0,0,766,
377,NaN,0,0,0,0,766,
378,NaN,0,0,0,0,766,
379,NaN,0,0,0,0,766,
380,NaN,0,0,0,0,766,
381,NaN,0,0,0,0,766,
382,NaN,0,0,0,0,766,
383,NaN,0,0,0,0,766,
384,NaN,0,0,0,0,766,
385,NaN,0,0,0,0,766,
386,NaN,0,0,0,0,766,
387,NaN,0,0,0,0,766,
388,NaN,0,0,0,0,766,
389,NaN,0,0,0,0,766,
390,NaN,0,0,0,0,766,
391,NaN,0,0,0,0,766,
392,NaN,0,0,0,0,766,
393,NaN,0,0,0,0,766,
394,NaN,0,0,0,0,766,
395,NaN,0,0,0,0,766,
396,NaN,0,0,0,0,766,
397,NaN,0,0,0,0,766,
398,NaN,0,0,0,0,766,
399,NaN,0,0,0,0,766,
400,NaN,0,0,0,0,766,
401,NaN,0,0,0,0,766,
402,NaN,0,0,0,0,766,
403,NaN,0,0,0,0,766,
404,NaN,0,0,0,0,766,
405,NaN,0,0,0,0,766,
406,NaN,0,0,0,0,766,
407,NaN,0,0,0,0,766,
408,NaN,0,0,0,0,766,
409,NaN,0,0,0,0,766,
410,NaN,0,0,0,0,766,
411,NaN,0,0,0,0,766,
412,NaN,0,0,0,0,766,
413,NaN,0,0,0,0,766,
414,NaN,0,0,0,0,766,
415,NaN,0,0,0,0,766,
416,NaN,0,0,0,0,766,
417,NaN,0,0,0,0,766,
418,NaN,0,0,0,0,766,
419,NaN,0,0,0,0,766,
420,NaN,0,0,0,0,766,
421,NaN,0,0,0,0,766,
422,NaN,0,0,0,0,766,
423,NaN,0,0,0,0,766,
424,NaN,0,0,0,0,766,
425,NaN,0,0,0,0,766,
426,NaN,0,0,0,0,766,
427,NaN,0,0,0,0,766,
428,NaN,0,0,0,0,766,
429,NaN,0,0,0,0,766,
430,NaN,0,0,0,0,766,
431,NaN,0,0,0,0,766,
432,NaN,0,0,0,0,766,
433,NaN,0,0,0,0,766,
434,NaN,0,0,0,0,766,
435,NaN,0,0,0,0,766,
436,NaN,0,0,0,0,766,
437,NaN,0,0,0,0,766,
438,NaN,0,0,0,0,766,
439,NaN,0,0,0,0,766,
440,NaN,0,0,0,0,766,
441,NaN,0,0,0,0,766,
442,NaN,0,0,0,0,766,
443,NaN,0,0,0,0,766,
444,NaN,0,0,0,0,766,
445,NaN,0,0,0,0,766,
446,NaN,0,0,0,0,766,
447,NaN,0,0,0,0,766,
448,NaN,0,0,0,0,766,
449,NaN,0,0,0,0,766,
450,NaN,0,0,0,0,766,
451,NaN,0,0,0,0,766,
452,NaN,0,0,0,0,766,
453,NaN,0,0,0,0,766,
454,NaN,0,0,0,0,766,
455,NaN,0,0,0,0,766,
456,NaN,0,0,0,0,766,
457,NaN,0,0,0,0,766,
458,NaN,0,0,0,0,766,
459,NaN,0,0,0,0,766,
460,NaN,0,0,0,0,766,
461,NaN,0,0,0,0,766,
462,NaN,0,0,0,0,766,
463,NaN,0,0,0,0,766,
464,NaN,0,0,0,0,766,
465,NaN,0,0,0,0,766,
466,NaN,0,0,0,0,766,
467,NaN,0,0,0,0,766,
468,NaN,0,0,0,0,766,
469,NaN,0,0,0,0,766,
470,NaN,0,0,0,0,766,
471,NaN,0,0,0,0,766,
472,NaN,0,0,0,0,766,
473,NaN,0,0,0,0,766,
474,NaN,0,0,0,0,766,
475,NaN,0,0,0,0,766,
476,NaN,0,0,0,0,766,
477,NaN,0,0,0,0,766,
478,NaN,0,0,0,0,766,
479,NaN,0,0,0,0,766,
480,NaN,0,0,0,0,766,
481,NaN,0,0,0,0,766,
482,NaN,0,0,0,0,766,
483,NaN,0,0,0,0,766,
484,NaN,0,0,0,0,766,
485,NaN,0,0,0,0,766,
486,NaN,0,0,0,0,766,
487,NaN,0,0,0,0,766,
488,NaN,0,0,0,0,766,
489,NaN,0,0,0,0,766,
490,NaN,0,0,0,0,766,
491,NaN,0,0,0,0,766,
492,NaN,0,0,0,0,766,
493,NaN,0,0,0,0,766,
494,NaN,0,0,0,0,766,
495,NaN,0,0,0,0,766,
496,NaN,0,0,0,0,766,
497,NaN,0,0,0,0,766,
498,NaN,0,0,0,0,766,
499,NaN,0,0,0,0,766,
500,NaN,0,0,0,0,766,
501,NaN,0,0,0,0,766,
502,NaN,0,0,0,0,766,
503,NaN,0,0,0,0,766,
504,NaN,0,0,0,0,766,
505,NaN,0,0,0,0,766,
506,NaN,0,0,0,0,766,
507,NaN,0,0,0,0,766,
508,NaN,0,0,0,0,766,
509,NaN,0,0,0,0,766,
510,NaN,0,0,0,0,766,
511,NaN,0,0,0,0,766,
512,NaN,0,0,0,0,766,
513,NaN,0,0,0,0,766,
514,NaN,0,0,0,0,766,
515,NaN,0,0,0,0,766,
516,NaN,0,0,0,0,766,
517,NaN,0,0,0,0,766,
518,NaN,0,0,0,0,766,
519,NaN,0,0,0,0,766,
520,NaN,0,0,0,0,766,
521,NaN,0,0,0,0,766,
522,NaN,0,0,0,0,766,
523,NaN,0,0,0,0,766,
524,NaN,0,0,0,0,766,
525,NaN,0,0,0,0,766,
526,NaN,0,0,0,0,766,
527,NaN,0,0,0,0,766,
528,NaN,0,0,0,0,766,
529,NaN,0,0,0,0,766,
530,NaN,0,0,0,0,766,
531,NaN,0,0,0,0,766,
532,NaN,0,0,0,0,766,
533,NaN,0,0,0,0,766,
534,NaN,0,0,0,0,766,
535,NaN,0,0,0,0,766,
536,NaN,0,0,0,0,766,
537,NaN,0,0,0,0,766,
538,NaN,0,0,0,0,766,
539,NaN,0,0,0,0,766,
540,NaN,0,0,0,0,766,
541,NaN,0,0,0,0,766,
542,NaN,0,0,0,0,766,
543,NaN,0,0,0,0,766,
544,NaN,0,0,0,0,766,
545,NaN,0,0,0,0,766,
546,NaN,0,0,0,0,766,
547,NaN,0,0,0,0,766,
548,NaN,0,0,0,0,766,
549,NaN,0,0,0,0,766,
550,NaN,0,0,0,0,766,
551,NaN,0,0,0,0,766,
552,NaN,0,0,0,0,766,
553,NaN,0,0,0,0,766,
554,NaN,0,0,0,0,766,
555,NaN,0,0,0,0,766,
556,NaN,0,0,0,0,766,
557,NaN,0,0,0,0,766,
558,NaN,0,0,0,0,766,
559,NaN,0,0,0,0,766,
560,NaN,0,0,0,0,766,
561,NaN,0,0,0,0,766,
562,NaN,0,0,0,0,766,
563,NaN,0,0,0,0,766,
564,NaN,0,0,0,0,766,
565,NaN,0,0,0,0,766,
566,NaN,0,0,0,0,766,
567,NaN,0,0,0,0,766,
568,NaN,0,0,0,0,766,
569,NaN,0,0,0,0,766,
570,NaN,0,0,0,0,766,
571,NaN,0,0,0,0,766,
572,NaN,0,0,0,0,766,
573,NaN,0,0,0,0,766,
574,NaN,0,0,0,0,766,
575,NaN,0,0,0,0,766,
576,NaN,0,0,0,0,766,
577,NaN,0,0,0,0,766,
578,NaN,0,0,0,0,766,
579,NaN,0,0,0,0,766,
580,NaN,0,0,0,0,766,
581,NaN,0,0,0,0,766,
582,NaN,0,0,0,0,766,
583,NaN,0,0,0,0,766,
584,NaN,0,0,0,0,766,
585,NaN,0,0,0,0,766,
586,NaN,0,0,0,0,766,
587,NaN,0,0,0,0,766,
588,NaN,0,0,0,0,766,
589,NaN,0,0,0,0,766,
590,NaN,0,0,0,0,766,
591,NaN,0,0,0,0,766,
592,NaN,0,0,0,0,766,
593,NaN,0,0,0,0,766,
594,NaN,0,0,0,0,766,
595,NaN,0,0,0,0,766,
596,NaN,0,0,0,0,766,
597,NaN,0,0,0,0,766,
598,NaN,0,0,0,0,766,
599,NaN,0,0,0,0,766,
600,NaN,0,0,0,0,766,
601,NaN,0,0,0,0,766,
602,NaN,0,0,0,0,766,
603,NaN,0,0,0,0,766,
604,NaN,0,0,0,0,766,
605,NaN,0,0,0,0,766,
606,NaN,0,0,0,0,766,
607,NaN,0,0,0,0,766,
608,NaN,0,0,0,0,766,
609,NaN,0,0,0,0,766,
610,NaN,0,0,0,0,766,
611,NaN,0,0,0,0,766,
612,NaN,0,0,0,0,766,
613,NaN,0,0,0,0,766,
614,NaN,0,0,0,0,766,
615,NaN,0,0,0,0,766,
616,NaN,0,0,0,0,766,
617,NaN,0,0,0,0,766,
618,NaN,0,0,0,0,766,
619,NaN,0,0,0,0,766,
620,NaN,0,0,0,0,766,
621,NaN,0,0,0,0,766,
622,NaN,0,0,0,0,766,
623,NaN,0,0,0,0,766,
624,NaN,0,0,0,0,766,
625,NaN,0,0,0,0,766,
626,NaN,0,0,0,0,766,
627,NaN,0,0,0,0,766,
628,NaN,0,0,0,0,766,
629,NaN,0,0,0,0,766,
630,NaN,0,0,0,0,766,
631,NaN,0,0,0,0,766,
632,NaN,0,0,0,0,766,
633,NaN,0,0,0,0,766,
634,NaN,0,0,0,0,766,
635,NaN,0,0,0,0,766,
636,NaN,0,0,0,0,766,
637,NaN,0,0,0,0,766,
638,NaN,0,0,0,0,766,
639,NaN,0,0,0,0,766,
640,NaN,0,0,0,0,766,
641,NaN,0,0,0,0,766,
642,NaN,0,0,0,0,766,
643,NaN,0,0,0,0,766,
644,NaN,0,0,0,0,766,
645,NaN,0,0,0,0,766,
646,NaN,0,0,0,0,766,
647,NaN,0,0,0,0,766,
648,NaN,0,0,0,0,766,
649,NaN,0,0,0,0,766,
650,NaN,0,0,0,0,766,
651,NaN,0,0,0,0,766,
652,NaN,0,0,0,0,766,
653,NaN,0,0,0,0,766,
654,NaN,0,0,0,0,766,
655,NaN,0,0,0,0,766,
656,NaN,0,0,0,0,766,
657,NaN,0,0,0,0,766,
658,NaN,0,0,0,0,766,
659,NaN,0,0,0,0,766,
660,NaN,0,0,0,0,766,
661,NaN,0,0,0,0,766,
662,NaN,0,0,0,0,766,
663,NaN,0,0,0,0,766,
664,NaN,0,0,0,0,766,
665,NaN,0,0,0,0,766,
666,NaN,0,0,0,0,766,
667,NaN,0,0,0,0,766,
668,NaN,0,0,0,0,766,
669,NaN,0,0,0,0,766,
670,NaN,0,0,0,0,766,
671,NaN,0,0,0,0,766,
672,NaN,0,0,0,0,766,
673,NaN,0,0,0,0,766,
674,NaN,0,0,0,0,766,
675,NaN,0,0,0,0,766,
676,NaN,0,0,0,0,766,
677,NaN,0,0,0,0,766,
678,NaN,0,0,0,0,766,
679,NaN,0,0,0,0,766,
680,NaN,0,0,0,0,766,
681,NaN,0,0,0,0,766,
682,NaN,0,0,0,0,766,
683,NaN,0,0,0,0,766,
684,NaN,0,0,0,0,766,
685,NaN,0,0,0,0,766,
686,NaN,0,0,0,0,766,
687,NaN,0,0,0,0,766,
688,NaN,0,0,0,0,766,
689,NaN,0,0,0,0,766,
690,NaN,0,0,0,0,766,
691,NaN,0,0,0,0,766,
692,NaN,0,0,0,0,766,
693,NaN,0,0,0,0,766,
694,NaN,0,0,0,0,766,
695,NaN,0,0,0,0,766,
696,NaN,0,0,0,0,766,
697,NaN,0,0,0,0,766,
698,NaN,0,0,0,0,766,
699,NaN,0,0,0,0,766,
700,NaN,0,0,0,0,766,
701,NaN,0,0,0,0,766,
702,NaN,0,0,0,0,766,
703,NaN,0,0,0,0,766,
704,NaN,0,0,0,0,766,
705,NaN,0,0,0,0,766,
706,NaN,0,0,0,0,766,
707,NaN,0,0,0,0,766,
708,NaN,0,0,0,0,766,
709,NaN,0,0,0,0,766,
710,NaN,0,0,0,0,766,
711,NaN,0,0,0,0,766,
712,NaN,0,0,0,0,766,
713,NaN,0,0,0,0,766,
714,NaN,0,0,0,0,766,
715,NaN,0,0,0,0,766,
716,NaN,0,0,0,0,766,
717,NaN,0,0,0,0,766,
718,NaN,0,0,0,0,766,
719,NaN,0,0,0,0,766,
720,NaN,0,0,0,0,766,
721,NaN,0,0,0,0,766,
722,NaN,0,0,0,0,766,
723,NaN,0,0,0,0,766,
724,NaN,0,0,0,0,766,
725,NaN,0,0,0,0,766,
726,NaN,0,0,0,0,766,
727,NaN,0,0,0,0,766,
728,NaN,0,0,0,0,766,
729,NaN,0,0,0,0,766,
730,NaN,0,0,0,0,766,
731,NaN,0,0,0,0,766,
732,NaN,0,0,0,0,766,
733,NaN,0,0,0,0,766,
734,NaN,0,0,0,0,766,
735,NaN,0,0,0,0,766,
736,NaN,0,0,0,0,766,
737,NaN,0,0,0,0,766,
738,NaN,0,0,0,0,766,
739,NaN,0,0,0,0,766,
740,NaN,0,0,0,0,766,
741,NaN,0,0,0,0,766,
742,NaN,0,0,0,0,766,
743,NaN,0,0,0,0,766,
744,NaN,0,0,0,0,766,
745,NaN,0,0,0,0,766,
746,NaN,0,0,0,0,766,
747,NaN,0,0,0,0,766,
748,NaN,0,0,0,0,766,
749,NaN,0,0,0,0,766,
750,NaN,0,0,0,0,766,
751,NaN,0,0,0,0,766,
752,NaN,0,0,0,0,766,
753,NaN,0,0,0,0,766,
754,NaN,0,0,0,0,766,
755,NaN,0,0,0,0,766,
756,NaN,0,0,0,0,766,
757,NaN,0,0,0,0,766,
758,NaN,0,0,0,0,766,
759,NaN,0,0,0,0,766,
760,NaN,0,0,0,0,766,
761,NaN,0,0,0,0,766,
762,NaN,0,0,0,0,766,
763,NaN,0,0,0,0,766,
764,NaN,0,0,0,0,766,
765,NaN,0,0,0,0,766,
766,NaN,0,0,0,0,766,
767,NaN,0,0,0,0,766,
768,NaN,0,0,0,0,766,
769,NaN,0,0,0,0,766,
770,NaN,0,0,0,0,766,
771,NaN,0,0,0,0,766,
772,NaN,0,0,0,0,766,
773,NaN,0,0,0,0,766,
774,NaN,0,0,0,0,766,
775,NaN,0,0,0,0,766,
776,NaN,0,0,0,0,766,
777,NaN,0,0,0,0,766,
778,NaN,0,0,0,0,766,
779,NaN,0,0,0,0,766,
780,NaN,0,0,0,0,766,
781,NaN,0,0,0,0,766,
782,NaN,0,0,0,0,766,
783,NaN,0,0,0,0,766,
784,NaN,0,0,0,0,766,
785,NaN,0,0,0,0,766,
786,NaN,0,0,0,0,766,
787,NaN,0,0,0,0,766,
788,NaN,0,0,0,0,766,
789,NaN,0,0,0,0,766,
790,NaN,0,0,0,0,766,
791,NaN,0,0,0,0,766,
792,NaN,0,0,0,0,766,
793,NaN,0,0,0,0,766,
794,NaN,0,0,0,0,766,
795,NaN,0,0,0,0,766,
796,NaN,0,0,0,0,766,
797,NaN,0,0,0,0,766,
798,NaN,0,0,0,0,766,
799,NaN,0,0,0,0,766,
800,NaN,0,0,0,0,766,
801,NaN,0,0,0,0,766,
802,NaN,0,0,0,0,766,
803,NaN,0,0,0,0,766,
804,NaN,0,0,0,0,766,
805,NaN,0,0,0,0,766,
806,NaN,0,0,0,0,766,
807,NaN,0,0,0,0,766,
808,NaN,0,0,0,0,766,
809,NaN,0,0,0,0,766,
810,NaN,0,0,0,0,766,
811,NaN,0,0,0,0,766,
812,NaN,0,0,0,0,766,
813,NaN,0,0,0,0,766,
814,NaN,0,0,0,0,766,
815,NaN,0,0,0,0,766,
816,NaN,0,0,0,0,766,
817,NaN,0,0,0,0,766,
818,NaN,0,0,0,0,766,
819,NaN,0,0,0,0,766,
820,NaN,0,0,0,0,766,
821,NaN,0,0,0,0,766,
822,NaN,0,0,0,0,766,
823,NaN,0,0,0,0,766,
824,NaN,0,0,0,0,766,
825,NaN,0,0,0,0,766,
826,NaN,0,0,0,0,766,
827,NaN,0,0,0,0,766,
828,NaN,0,0,0,0,766,
829,NaN,0,0,0,0,766,
830,NaN,0,0,0,0,766,
831,NaN,0,0,0,0,766,
832,NaN,0,0,0,0,766,
833,NaN,0,0,0,0,766,
834,NaN,0,0,0,0,766,
835,NaN,0,0,0,0,766,
836,NaN,0,0,0,0,766,
837,NaN,0,0,0,0,766,
838,NaN,0,0,0,0,766,
839,NaN,0,0,0,0,766,
840,NaN,0,0,0,0,766,
841,NaN,0,0,0,0,766,
842,NaN,0,0,0,0,766,
843,NaN,0,0,0,0,766,
844,NaN,0,0,0,0,766,
845,NaN,0,0,0,0,766,
846,NaN,0,0,0,0,766,
847,NaN,0,0,0,0,766,
848,NaN,0,0,0,0,766,
849,NaN,0,0,0,0,766,
850,NaN,0,0,0,0,766,
851,NaN,0,0,0,0,766,
852,NaN,0,0,0,0,766,
853,NaN,0,0,0,0,766,
854,NaN,0,0,0,0,766,
855,NaN,0,0,0,0,766,
856,NaN,0,0,0,0,766,
857,NaN,0,0,0,0,766,
858,NaN,0,0,0,0,766,
859,NaN,0,0,0,0,766,
860,NaN,0,0,0,0,766,
861,NaN,0,0,0,0,766,
862,NaN,0,0,0,0,766,
863,NaN,0,0,0,0,766,
864,NaN,0,0,0,0,766,
865,NaN,0,0,0,0,766,
866,NaN,0,0,0,0,766,
867,NaN,0,0,0,0,766,
868,NaN,0,0,0,0,766,
869,NaN,0,0,0,0,766,
870,NaN,0,0,0,0,766,
871,NaN,0,0,0,0,766,
872,NaN,0,0,0,0,766,
873,NaN,0,0,0,0,766,
874,NaN,0,0,0,0,766,
875,NaN,0,0,0,0,766,
876,NaN,0,0,0,0,766,
877,NaN,0,0,0,0,766,
878,NaN,0,0,0,0,766,
879,NaN,0,0,0,0,766,
880,NaN,0,0,0,0,766,
881,NaN,0,0,0,0,766,
882,NaN,0,0,0,0,766,
883,NaN,0,0,0,0,766,
884,NaN,0,0,0,0,766,
885,NaN,0,0,0,0,766,
886,NaN,0,0,0,0,766,
887,NaN,0,0,0,0,766,
888,NaN,0,0,0,0,766,
889,NaN,0,0,0,0,766,
890,NaN,0,0,0,0,766,
891,NaN,0,0,0,0,766,
892,NaN,0,0,0,0,766,
893,NaN,0,0,0,0,766,
894,NaN,0,0,0,0,766,
895,NaN,0,0,0,0,766,
896,NaN,0,0,0,0,766,
897,NaN,0,0,0,0,766,
898,NaN,0,0,0,0,766,
899,NaN,0,0,0,0,766,
900,NaN,0,0,0,0,766,
901,NaN,0,0,0,0,766,
902,NaN,0,0,0,0,766,
903,NaN,0,0,0,0,766,
904,NaN,0,0,0,0,766,
905,NaN,0,0,0,0,766,
906,NaN,0,0,0,0,766,
907,NaN,0,0,0,0,766,
908,NaN,0,0,0,0,766,
909,NaN,0,0,0,0,766,
910,NaN,0,0,0,0,766,
911,NaN,0,0,0,0,766,
912,NaN,0,0,0,0,766,
913,NaN,0,0,0,0,766,
914,NaN,0,0,0,0,766,
915,NaN,0,0,0,0,766,
916,NaN,0,0,0,0,766,
917,NaN,0,0,0,0,766,
918,NaN,0,0,0,0,766,
919,NaN,0,0,0,0,766,
920,NaN,0,0,0,0,766,
921,NaN,0,0,0,0,766,
922,NaN,0,0,0,0,766,
923,NaN,0,0,0,0,766,
924,NaN,0,0,0,0,766,
925,NaN,0,0,0,0,766,
926,NaN,0,0,0,0,766,
927,NaN,0,0,0,0,766,
928,NaN,0,0,0,0,766,
929,NaN,0,0,0,0,766,
930,NaN,0,0,0,0,766,
931,NaN,0,0,0,0,766,
932,NaN,0,0,0,0,766,
933,NaN,0,0,0,0,766,
934,NaN,0,0,0,0,766,
935,NaN,0,0,0,0,766,
936,NaN,0,0,0,0,766,
937,NaN,0,0,0,0,766,
938,NaN,0,0,0,0,766,
939,NaN,0,0,0,0,766,
940,NaN,0,0,0,0,766,
941,NaN,0,0,0,0,766,
942,NaN,0,0,0,0,766,
943,NaN,0,0,0,0,766,
944,NaN,0,0,0,0,766,
945,NaN,0,0,0,0,766,
946,NaN,0,0,0,0,766,
947,NaN,0,0,0,0,766,
948,NaN,0,0,0,0,766,
949,NaN,0,0,0,0,766,
950,NaN,0,0,0,0,766,
951,NaN,0,0,0,0,766,
952,NaN,0,0,0,0,766,
953,NaN,0,0,0,0,766,
954,NaN,0,0,0,0,766,
955,NaN,0,0,0,0,766,
956,NaN,0,0,0,0,766,
957,NaN,0,0,0,0,766,
958,NaN,0,0,0,0,766,
959,NaN,0,0,0,0,766,
960,NaN,0,0,0,0,766,
961,NaN,0,0,0,0,766,
962,NaN,0,0,0,0,766,
963,NaN,0,0,0,0,766,
964,NaN,0,0,0,0,766,
965,NaN,0,0,0,0,766,
966,NaN,0,0,0,0,766,
967,NaN,0,0,0,0,766,
968,NaN,0,0,0,0,766,
969,NaN,0,0,0,0,766,
970,NaN,0,0,0,0,766,
971,NaN,0,0,0,0,766,
972,NaN,0,0,0,0,766,
973,NaN,0,0,0,0,766,
974,NaN,0,0,0,0,766,
975,NaN,0,0,0,0,766,
976,NaN,0,0,0,0,766,
977,NaN,0,0,0,0,766,
978,NaN,0,0,0,0,766,
979,NaN,0,0,0,0,766,
980,NaN,0,0,0,0,766,
981,NaN,0,0,0,0,766,
982,NaN,0,0,0,0,766,
983,NaN,0,0,0,0,766,
984,NaN,0,0,0,0,766,
985,NaN,0,0,0,0,766,
986,NaN,0,0,0,0,766,
987,NaN,0,0,0,0,766,
988,NaN,0,0,0,0,766,
989,NaN,0,0,0,0,766,
990,NaN,0,0,0,0,766,
991,NaN,0,0,0,0,766,
992,NaN,0,0,0,0,766,
993,NaN,0,0,0,0,766,
994,NaN,0,0,0,0,766,
995,NaN,0,0,0,0,766,
996,NaN,0,0,0,0,766,
997,NaN,0,0,0,0,766,
998,NaN,0,0,0,0,766,
999,NaN,0,0,0,0,766,
1000,NaN,0,0,0,0,766,
1001,NaN,0,0,0,0,766,
1002,NaN,0,0,0,0,766,
1003,NaN,0,0,0,0,766,
1004,NaN,0,0,0,0,766,
1005,NaN,0,0,0,0,766,
1006,NaN,0,0,0,0,766,
1007,NaN,0,0,0,0,766,
1008,NaN,0,0,0,0,766,
1009,NaN,0,0,0,0,766,
1010,NaN,0,0,0,0,766,
1011,NaN,0,0,0,0,766,
1012,NaN,0,0,0,0,766,
1013,NaN,0,0,0,0,766,
1014,NaN,0,0,0,0,766,
1015,NaN,0,0,0,0,766,
1016,NaN,0,0,0,0,766,
1017,NaN,0,0,0,0,766,
1018,NaN,0,0,0,0,766,
1019,NaN,0,0,0,0,766,
1020,NaN,0,0,0,0,766,
1021,NaN,0,0,0,0,766,
1022,NaN,0,0,0,0,766,
1023,NaN,0,0,0,0,766,
1024,NaN,0,0,0,0,766,
1025,NaN,0,0,0,0,766,
1026,NaN,0,0,0,0,766,
1027,NaN,0,0,0,0,766,
1028,NaN,0,0,0,0,766,
1029,NaN,0,0,0,0,766,
1030,NaN,0,0,0,0,766,
1031,NaN,0,0,0,0,766,
1032,NaN,0,0,0,0,766,
1033,NaN,0,0,0,0,766,
1034,NaN,0,0,0,0,766,
1035,NaN,0,0,0,0,766,
1036,NaN,0,0,0,0,766,
1037,NaN,0,0,0,0,766,
1038,NaN,0,0,0,0,766,
1039,NaN,0,0,0,0,766,
1040,NaN,0,0,0,0,766,
1041,NaN,0,0,0,0,766,
1042,NaN,0,0,0,0,766,
1043,NaN,0,0,0,0,766,
1044,NaN,0,0,0,0,766,
1045,NaN,0,0,0,0,766,
1046,NaN,0,0,0,0,766,
1047,NaN,0,0,0,0,766,
1048,NaN,0,0,0,0,766,
1049,NaN,0,0,0,0,766,
1050,NaN,0,0,0,0,766,
1051,NaN,0,0,0,0,766,
1052,NaN,0,0,0,0,766,
1053,NaN,0,0,0,0,766,
1054,NaN,0,0,0,0,766,
1055,NaN,0,0,0,0,766,
1056,NaN,0,0,0,0,766,
1057,NaN,0,0,0,0,766,
1058,NaN,0,0,0,0,766,
1059,NaN,0,0,0,0,766,
1060,NaN,0,0,0,0,766,
1061,NaN,0,0,0,0,766,
1062,NaN,0,0,0,0,766,
1063,NaN,0,0,0,0,766,
1064,NaN,0,0,0,0,766,
1065,NaN,0,0,0,0,766,
1066,NaN,0,0,0,0,766,
1067,NaN,0,0,0,0,766,
1068,NaN,0,0,0,0,766,
1069,NaN,0,0,0,0,766,
1070,NaN,0,0,0,0,766,
1071,NaN,0,0,0,0,766,
1072,NaN,0,0,0,0,766,
1073,NaN,0,0,0,0,766,
1074,NaN,0,0,0,0,766,
1075,NaN,0,0,0,0,766,
1076,NaN,0,0,0,0,766,
1077,NaN,0,0,0,0,766,
1078,NaN,0,0,0,0,766,
1079,NaN,0,0,0,0,766,
1080,NaN,0,0,0,0,766,
1081,NaN,0,0,0,0,766,
1082,NaN,0,0,0,0,766,
1083,NaN,0,0,0,0,766,
1084,NaN,0,0,0,0,766,
1085,NaN,0,0,0,0,766,
1086,NaN,0,0,0,0,766,
1087,NaN,0,0,0,0,766,
1088,NaN,0,0,0,0,766,
1089,NaN,0,0,0,0,766,
1090,NaN,0,0,0,0,766,
1091,NaN,0,0,0,0,766,
1092,NaN,0,0,0,0,766,
1093,NaN,0,0,0,0,766,
1094,NaN,0,0,0,0,766,
1095,NaN,0,0,0,0,766,
1096,NaN,0,0,0,0,766,
1097,NaN,0,0,0,0,766,
1098,NaN,0,0,0,0,766,
1099,NaN,0,0,0,0,766,
1100,NaN,0,0,0,0,766,
1101,NaN,0,0,0,0,766,
1102,NaN,0,0,0,0,766,
1103,NaN,0,0,0,0,766,
1104,NaN,0,0,0,0,766,
1105,NaN,0,0,0,0,766,
1106,NaN,0,0,0,0,766,
1107,NaN,0,0,0,0,766,
1108,NaN,0,0,0,0,766,
1109,NaN,0,0,0,0,766,
1110,NaN,0,0,0,0,766,
1111,NaN,0,0,0,0,766,
1112,NaN,0,0,0,0,766,
1113,NaN,0,0,0,0,766,
1114,NaN,0,0,0,0,766,
1115,NaN,0,0,0,0,766,
1116,NaN,0,0,0,0,766,
1117,NaN,0,0,0,0,766,
1118,NaN,0,0,0,0,766,
1119,NaN,0,0,0,0,766,
1120,NaN,0,0,0,0,766,
1121,NaN,0,0,0,0,766,
1122,NaN,0,0,0,0,766,
1123,NaN,0,0,0,0,766,
1124,NaN,0,0,0,0,766,
1125,NaN,0,0,0,0,766,
1126,NaN,0,0,0,0,766,
1127,NaN,0,0,0,0,766,
1128,NaN,0,0,0,0,766,
1129,NaN,0,0,0,0,766,
1130,NaN,0,0,0,0,766,
1131,NaN,0,0,0,0,766,
1132,NaN,0,0,0,0,766,
1133,NaN,0,0,0,0,766,
1134,NaN,0,0,0,0,766,
1135,NaN,0,0,0,0,766,
1136,NaN,0,0,0,0,766,
1137,NaN,0,0,0,0,766,
1138,NaN,0,0,0,0,766,
1139,NaN,0,0,0,0,766,
1140,NaN,0,0,0,0,766,
1141,NaN,0,0,0,0,766,
1142,NaN,0,0,0,0,766,
1143,NaN,0,0,0,0,766,
1144,NaN,0,0,0,0,766,
1145,NaN,0,0,0,0,766,
1146,NaN,0,0,0,0,766,
1147,NaN,0,0,0,0,766,
1148,NaN,0,0,0,0,766,
1149,NaN,0,0,0,0,766,
1150,NaN,0,0,0,0,766,
1151,NaN,0,0,0,0,766,
1152,NaN,0,0,0,0,766,
1153,NaN,0,0,0,0,766,
1154,NaN,0,0,0,0,766,
1155,NaN,0,0,0,0,766,
1156,NaN,0,0,0,0,766,
1157,NaN,0,0,0,0,766,
1158,NaN,0,0,0,0,766,
1159,NaN,0,0,0,0,766,
1160,NaN,0,0,0,0,766,
1161,NaN,0,0,0,0,766,
1162,NaN,0,0,0,0,766,
1163,NaN,0,0,0,0,766,
1164,NaN,0,0,0,0,766,
1165,NaN,0,0,0,0,766,
1166,NaN,0,0,0,0,766,
1167,NaN,0,0,0,0,766,
1168,NaN,0,0,0,0,766,
1169,NaN,0,0,0,0,766,
1170,NaN,0,0,0,0,766,
1171,NaN,0,0,0,0,766,
1172,NaN,0,0,0,0,766,
1173,NaN,0,0,0,0,766,
1174,NaN,0,0,0,0,766,
1175,NaN,0,0,0,0,766,
1176,NaN,0,0,0,0,766,
1177,NaN,0,0,0,0,766,
1178,NaN,0,0,0,0,766,
1179,NaN,0,0,0,0,766,
1180,NaN,0,0,0,0,766,
1181,NaN,0,0,0,0,766,
1182,NaN,0,0,0,0,766,
1183,NaN,0,0,0,0,766,
1184,NaN,0,0,0,0,766,
1185,NaN,0,0,0,0,766,
1186,NaN,0,0,0,0,766,
1187,NaN,0,0,0,0,766,
1188,NaN,0,0,0,0,766,
1189,NaN,0,0,0,0,766,
1190,NaN,0,0,0,0,766,
1191,NaN,0,0,0,0,766,
1192,NaN,0,0,0,0,766,
1193,NaN,0,0,0,0,766,
1194,NaN,0,0,0,0,766,
1195,NaN,0,0,0,0,766,
1196,NaN,0,0,0,0,766,
1197,NaN,0,0,0,0,766,
1198,NaN,0,0,0,0,766,
1199,NaN,0,0,0,0,766,
1200,NaN,0,0,0,0,766,
1201,NaN,0,0,0,0,766,
1202,NaN,0,0,0,0,766,
1203,NaN,0,0,0,0,766,
1204,NaN,0,0,0,0,766,
1205,NaN,0,0,0,0,766,
1206,NaN,0,0,0,0,766,
1207,NaN,0,0,0,0,766,
1208,NaN,0,0,0,0,766,
1209,NaN,0,0,0,0,766,
1210,NaN,0,0,0,0,766,
1211,NaN,0,0,0,0,766,
1212,NaN,0,0,0,0,766,
1213,NaN,0,0,0,0,766,
1214,NaN,0,0,0,0,766,
1215,NaN,0,0,0,0,766,
1216,NaN,0,0,0,0,766,
1217,NaN,0,0,0,0,766,
1218,NaN,0,0,0,0,766,
1219,NaN,0,0,0,0,766,
1220,NaN,0,0,0,0,766,
1221,NaN,0,0,0,0,766,
1222,NaN,0,0,0,0,766,
1223,NaN,0,0,0,0,766,
1224,NaN,0,0,0,0,766,
1225,NaN,0,0,0,0,766,
1226,NaN,0,0,0,0,766,
1227,NaN,0,0,0,0,766,
1228,NaN,0,0,0,0,766,
1229,NaN,0,0,0,0,766,
1230,NaN,0,0,0,0,766,
1231,NaN,0,0,0,0,766,
1232,NaN,0,0,0,0,766,
1233,NaN,0,0,0,0,766,
1234,NaN,0,0,0,0,766,
1235,NaN,0,0,0,0,766,
1236,NaN,0,0,0,0,766,
1237,NaN,0,0,0,0,766,
1238,NaN,0,0,0,0,766,
1239,NaN,0,0,0,0,766,
1240,NaN,0,0,0,0,766,
1241,NaN,0,0,0,0,766,
1242,NaN,0,0,0,0,766,
1243,NaN,0,0,0,0,766,
1244,NaN,0,0,0,0,766,
1245,NaN,0,0,0,0,766,
1246,NaN,0,0,0,0,766,
1247,NaN,0,0,0,0,766,
1248,NaN,0,0,0,0,766,
1249,NaN,0,0,0,0,766,
1250,NaN,0,0,0,0,766,
1251,NaN,0,0,0,0,766,
1252,NaN,0,0,0,0,766,
1253,NaN,0,0,0,0,766,
1254,NaN,0,0,0,0,766,
1255,NaN,0,0,0,0,766,
1256,NaN,0,0,0,0,766,
1257,NaN,0,0,0,0,766,
1258,NaN,0,0,0,0,766,
1259,NaN,0,0,0,0,766,
1260,NaN,0,0,0,0,766,
1261,NaN,0,0,0,0,766,
1262,NaN,0,0,0,0,766,
1263,NaN,0,0,0,0,766,
1264,NaN,0,0,0,0,766,
1265,NaN,0,0,0,0,766,
1266,NaN,0,0,0,0,766,
1267,NaN,0,0,0,0,766,
1268,NaN,0,0,0,0,766,
1269,NaN,0,0,0,0,766,
1270,NaN,0,0,0,0,766,
1271,NaN,0,0,0,0,766,
1272,NaN,0,0,0,0,766,
1273,NaN,0,0,0,0,766,
1274,NaN,0,0,0,0,766,
1275,NaN,0,0,0,0,766,
1276,NaN,0,0,0,0,766,
1277,NaN,0,0,0,0,766,
1278,NaN,0,0,0,0,766,
1279,NaN,0,0,0,0,766,
1280,NaN,0,0,0,0,766,
1281,NaN,0,0,0,0,766,
1282,NaN,0,0,0,0,766,
1283,NaN,0,0,0,0,766,
1284,NaN,0,0,0,0,766,
1285,NaN,0,0,0,0,766,
1286,NaN,0,0,0,0,766,
1287,NaN,0,0,0,0,766,
1288,NaN,0,0,0,0,766,
1289,NaN,0,0,0,0,766,
1290,NaN,0,0,0,0,766,
1291,NaN,0,0,0,0,766,
1292,NaN,0,0,0,0,766,
1293,NaN,0,0,0,0,766,
1294,NaN,0,0,0,0,766,
1295,NaN,0,0,0,0,766,
1296,NaN,0,0,0,0,766,
1297,NaN,0,0,0,0,766,
1298,NaN,0,0,0,0,766,
1299,NaN,0,0,0,0,766,
1300,NaN,0,0,0,0,766,
1301,NaN,0,0,0,0,766,
1302,NaN,0,0,0,0,765,
1303,NaN,0,0,0,0,766,
1304,NaN,0,0,0,0,766,
1305,NaN,0,0,0,0,767,
1306,NaN,0,0,0,0,766,
1307,NaN,0,0,0,0,766,
1308,NaN,0,0,0,0,766,
1309,NaN,0,0,0,0,766,
1310,NaN,0,0,0,0,766,
1311,NaN,0,0,0,0,766,
1312,NaN,0,0,0,0,766,
1313,0.0,3,0,3,0,766,
1314,0.0,3,0,0,0,766,
1315,0.0,5,0,2,0,766,
1316,0.0,5,0,0,0,766,
1317,0.0,5,0,0,0,767,
1318,0.0,5,0,0,0,767,
1319,0.0,5,0,0,0,767,
1320,0.0,5,0,0,0,767,
1321,0.0,5,0,0,0,767,
1322,0.0,7,0,2,0,769,
1323,0.0,7,0,0,0,769,
1324,0.0,8,0,1,0,770,
1325,0.0,8,0,0,0,771,
1326,0.0,8,0,0,0,771,
1327,0.0,8,0,0,0,771,
1328,0.0,8,0,0,0,771,
1329,0.0,8,0,0,0,771,
1330,0.0,8,0,0,0,771,
1331,0.0,8,0,0,0,770,
1332,0.0,8,0,0,0,770,
1333,0.0,8,0,0,0,770,
1334,0.0,13,0,5,0,771,
1335,0.0,13,0,0,0,771,
1336,0.0,15,0,2,0,773,
1337,0.0,15,0,0,0,773,
1338,0.0,15,0,0,0,773,
1339,0.0,15,0,0,0,773,
1340,0.0,15,0,0,0,773,
1341,0.0,15,0,0,0,773,
1342,0.0,15,0,0,0,773,
1343,0.0,15,0,0,0,773,
1344,0.0,15,0,0,0,773,
1345,0.0,15,0,0,0,773,
1346,0.0,16,0,1,0,774,
1347,0.0,18,0,2,0,776,
1348,0.0,18,0,0,0,776,
1349,0.0,18,0,0,0,776,
1350,0.0,20,0,2,0,776,
1351,0.043478260869565216,23,1,3,1,779,
1352,0.03571428571428571,28,1,5,0,782,
1353,0.03571428571428571,28,1,0,0,782,
1354,0.034482758620689655,29,1,1,0,783,
1355,0.06666666666666667,30,2,1,1,784,
1356,0.06666666666666667,30,2,0,0,785,
1357,0.06666666666666667,30,2,0,0,785,
1358,0.06666666666666667,30,2,0,0,785,
1359,0.06666666666666667,30,2,0,0,785,
1360,0.06666666666666667,30,2,0,0,785,
1361,0.06666666666666667,30,2,0,0,785,
1362,0.06666666666666667,30,2,0,0,786,
1363,0.06666666666666667,30,2,0,0,786,
1364,0.06666666666666667,30,2,0,0,786,
1365,0.06666666666666667,30,2,0,0,787,
1366,0.06666666666666667,30,2,0,0,794,
1367,0.06666666666666667,30,2,0,0,795,
1368,0.06451612903225806,31,2,1,0,796,
1369,0.06060606060606061,33,2,2,0,798,
1370,0.06060606060606061,33,2,0,0,798,
1371,0.05555555555555555,36,2,3,0,799,
1372,0.04878048780487805,41,2,5,0,799,
1373,0.04878048780487805,41,2,0,0,799,
1374,0.047619047619047616,42,2,1,0,799,
1375,0.045454545454545456,44,2,2,0,800,
1376,0.045454545454545456,44,2,0,0,800,
1377,0.045454545454545456,44,2,0,0,800,
1378,0.045454545454545456,44,2,0,0,800,
1379,0.045454545454545456,44,2,0,0,800,
1380,0.03773584905660377,53,2,9,0,803,
1381,0.05454545454545454,55,3,2,1,803,
1382,0.05263157894736842,57,3,2,0,803,
1383,0.05263157894736842,57,3,0,0,803,
1384,0.05172413793103448,58,3,1,0,804,
1385,0.05172413793103448,58,3,0,0,804,
1386,0.04838709677419355,62,3,4,0,804,
1387,0.047619047619047616,63,3,1,0,804,
1388,0.046875,64,3,1,0,804,
1389,0.045454545454545456,66,3,2,0,804,
1390,0.045454545454545456,66,3,0,0,804,
1391,0.04411764705882353,68,3,2,0,804,
1392,0.04411764705882353,68,3,0,0,804,
1393,0.04411764705882353,68,3,0,0,804,
1394,0.04411764705882353,68,3,0,0,804,
1395,0.04411764705882353,68,3,0,0,804,
1396,0.04411764705882353,68,3,0,0,803,
1397,0.04285714285714286,70,3,2,0,803,
1398,0.04285714285714286,70,3,0,0,803,
1399,0.04285714285714286,70,3,0,0,803,
1400,0.04225352112676056,71,3,1,0,804,
1401,0.0410958904109589,73,3,2,0,805,
1402,0.0410958904109589,73,3,0,0,805,
1403,0.0410958904109589,73,3,0,0,805,
1404,0.0410958904109589,73,3,0,0,805,
1405,0.0410958904109589,73,3,0,0,805,
1406,0.0410958904109589,73,3,0,0,805,
1407,0.0410958904109589,73,3,0,0,805,
1408,0.0410958904109589,73,3,0,0,805,
1409,0.0410958904109589,73,3,0,0,805,
1410,0.0410958904109589,73,3,0,0,805,
1411,0.0410958904109589,73,3,0,0,805,
1412,0.0410958904109589,73,3,0,0,805,
1413,0.0410958904109589,73,3,0,0,805,
1414,0.0410958904109589,73,3,0,0,805,
1415,0.0410958904109589,73,3,0,0,806,
1416,0.0410958904109589,73,3,0,0,806,
1417,0.0410958904109589,73,3,0,0,806,
1418,0.0410958904109589,73,3,0,0,806,
1419,0.0410958904109589,73,3,0,0,806,
1420,0.0410958904109589,73,3,0,0,806,
1421,0.0410958904109589,73,3,0,0,806,
1422,0.0410958904109589,73,3,0,0,806,
1423,0.0410958904109589,73,3,0,0,806,
1424,0.0410958904109589,73,3,0,0,806,
1425,0.0410958904109589,73,3,0,0,806,
1426,0.0410958904109589,73,3,0,0,806,
1427,0.0410958904109589,73,3,0,0,806,
1428,0.04054054054054054,74,3,1,0,808,
1429,0.04054054054054054,74,3,0,0,808,
1430,0.04054054054054054,74,3,0,0,809,
1431,0.04054054054054054,74,3,0,0,810,
1432,0.04,75,3,1,0,811,
1433,0.04,75,3,0,0,812,
1434,0.039473684210526314,76,3,1,0,813,
1435,0.039473684210526314,76,3,0,0,814,
1436,0.039473684210526314,76,3,0,0,814,
1437,0.03896103896103896,77,3,1,0,815,
1438,0.038461538461538464,78,3,1,0,817,
1439,0.0379746835443038,79,3,1,0,818,
1440,0.0379746835443038,79,3,0,0,818,
1441,0.0379746835443038,79,3,0,0,818,
1442,0.0379746835443038,79,3,0,0,819,
1443,0.0379746835443038,79,3,0,0,819,
1444,0.0379746835443038,79,3,0,0,819,
1445,0.0379746835443038,79,3,0,0,819,
1446,0.0379746835443038,79,3,0,0,819,
1447,0.0379746835443038,79,3,0,0,819,
1448,0.0379746835443038,79,3,0,0,819,
1449,0.0379746835443038,79,3,0,0,819,
1450,0.0375,80,3,1,0,820,
1451,0.0375,80,3,0,0,820,
1452,0.0375,80,3,0,0,820,
1453,0.037037037037037035,81,3,1,0,821,
1454,0.037037037037037035,81,3,0,0,821,
1455,0.036585365853658534,82,3,1,0,822,
1456,0.036585365853658534,82,3,0,0,822,
1457,0.036585365853658534,82,3,0,0,822,
1458,0.036585365853658534,82,3,0,0,822,
1459,0.036585365853658534,82,3,0,0,822,
1460,0.036585365853658534,82,3,0,0,822,
1461,0.036585365853658534,82,3,0,0,822,
1462,0.036585365853658534,82,3,0,0,822,
1463,0.036585365853658534,82,3,0,0,822,
1464,0.036585365853658534,82,3,0,0,822,
1465,0.036585365853658534,82,3,0,0,822,
1466,0.036585365853658534,82,3,0,0,822,
1467,0.036585365853658534,82,3,0,0,822,
1468,0.036585365853658534,82,3,0,0,822,
1469,0.036585365853658534,82,3,0,0,822,
1470,0.036585365853658534,82,3,0,0,822,
1471,0.036585365853658534,82,3,0,0,822,
1472,0.036585365853658534,82,3,0,0,822,
1473,0.03614457831325301,83,3,1,0,823,
1474,0.03614457831325301,83,3,0,0,823,
1475,0.03614457831325301,83,3,0,0,823,
1476,0.03614457831325301,83,3,0,0,823,
1477,0.03614457831325301,83,3,0,0,823,
1478,0.03614457831325301,83,3,0,0,823,
1479,0.03614457831325301,83,3,0,0,823,
1480,0.03614457831325301,83,3,0,0,823,
1481,0.03614457831325301,83,3,0,0,824,
1482,0.03614457831325301,83,3,0,0,824,
1483,0.03614457831325301,83,3,0,0,824,
1484,0.03614457831325301,83,3,0,0,825,
1485,0.03614457831325301,83,3,0,0,825,
1486,0.03614457831325301,83,3,0,0,825,
1487,0.03614457831325301,83,3,0,0,825,
1488,0.03614457831325301,83,3,0,0,826,
1489,0.03614457831325301,83,3,0,0,826,
1490,0.03614457831325301,83,3,0,0,826,
1491,0.03614457831325301,83,3,0,0,826,
1492,0.03614457831325301,83,3,0,0,826,
1493,0.03614457831325301,83,3,0,0,826,
1494,0.03614457831325301,83,3,0,0,826,
1495,0.03614457831325301,83,3,0,0,826,
1496,0.03614457831325301,83,3,0,0,825,
1497,0.03614457831325301,83,3,0,0,825,
1498,0.03614457831325301,83,3,0,0,825,
1499,0.03614457831325301,83,3,0,0,825,
1500,0.03614457831325301,83,3,0,0,825,
1501,0.03614457831325301,83,3,0,0,825,
1502,0.03614457831325301,83,3,0,0,825,
1503,0.03614457831325301,83,3,0,0,825,
1504,0.03614457831325301,83,3,0,0,825,
1505,0.03614457831325301,83,3,0,0,825,
1506,0.03614457831325301,83,3,0,0,825,
1507,0.03614457831325301,83,3,0,0,825,
1508,0.03614457831325301,83,3,0,0,825,
1509,0.03571428571428571,84,3,1,0,826,
1510,0.03571428571428571,84,3,0,0,826,
1511,0.03571428571428571,84,3,0,0,826,
1512,0.03571428571428571,84,3,0,0,827,
1513,0.03571428571428571,84,3,0,0,827,
1514,0.03571428571428571,84,3,0,0,824,
1515,0.03571428571428571,84,3,0,0,824,
1516,0.03571428571428571,84,3,0,0,818,
1517,0.03571428571428571,84,3,0,0,818,
1518,0.03529411764705882,85,3,1,0,819,
1519,0.03529411764705882,85,3,0,0,819,
1520,0.03488372093023256,86,3,1,0,820,
1521,0.03488372093023256,86,3,0,0,820,
1522,0.03488372093023256,86,3,0,0,820,
1523,0.03488372093023256,86,3,0,0,820,
1524,0.03488372093023256,86,3,0,0,820,
1525,0.03488372093023256,86,3,0,0,820,
1526,0.03488372093023256,86,3,0,0,820,
1527,0.03488372093023256,86,3,0,0,820,
1528,0.03488372093023256,86,3,0,0,820,
1529,0.03488372093023256,86,3,0,0,820,
1530,0.03488372093023256,86,3,0,0,820,
1531,0.03488372093023256,86,3,0,0,820,
1532,0.03488372093023256,86,3,0,0,820,
1533,0.03488372093023256,86,3,0,0,820,
1534,0.03488372093023256,86,3,0,0,820,
1535,0.034482758620689655,87,3,1,0,821,
1536,0.03409090909090909,88,3,1,0,822,
1537,0.033707865168539325,89,3,1,0,823,
1538,0.03333333333333333,90,3,1,0,824,
1539,0.03296703296703297,91,3,1,0,825,
1540,0.03260869565217391,92,3,1,0,826,
1541,0.03125,96,3,4,0,829,
1542,0.03125,96,3,0,0,829,
1543,0.030927835051546393,97,3,1,0,829,
1544,0.030927835051546393,97,3,0,0,829,
1545,0.030927835051546393,97,3,0,0,829,
1546,0.030927835051546393,97,3,0,0,829,
1547,0.030927835051546393,97,3,0,0,829,
1548,0.030612244897959183,98,3,1,0,830,
1549,0.030612244897959183,98,3,0,0,830,
1550,0.030612244897959183,98,3,0,0,830,
1551,0.030612244897959183,98,3,0,0,830,
1552,0.030612244897959183,98,3,0,0,830,
1553,0.030612244897959183,98,3,0,0,830,
1554,0.0297029702970297,101,3,3,0,830,
1555,0.0297029702970297,101,3,0,0,830,
1556,0.02912621359223301,103,3,2,0,830,
1557,0.02912621359223301,103,3,0,0,830,
1558,0.02912621359223301,103,3,0,0,830,
1559,0.02912621359223301,103,3,0,0,830,
1560,0.028846153846153848,104,3,1,0,829,
1561,0.028846153846153848,104,3,0,0,829,
1562,0.02857142857142857,105,3,1,0,829,
1563,0.02857142857142857,105,3,0,0,830,
1564,0.02857142857142857,105,3,0,0,830,
1565,0.02857142857142857,105,3,0,0,830,
1566,0.02830188679245283,106,3,1,0,832,
1567,0.02830188679245283,106,3,0,0,832,
1568,0.027777777777777776,108,3,2,0,834,
1569,0.027777777777777776,108,3,0,0,834,
1570,0.027777777777777776,108,3,0,0,834,
1571,0.027777777777777776,108,3,0,0,834,
1572,0.02727272727272727,110,3,2,0,835,
1573,0.02727272727272727,110,3,0,0,835,
1574,0.02727272727272727,110,3,0,0,835,
1575,0.02727272727272727,110,3,0,0,835,
1576,0.02727272727272727,110,3,0,0,834,
1577,0.02702702702702703,111,3,1,0,833,
1578,0.02702702702702703,111,3,0,0,833,
1579,0.02702702702702703,111,3,0,0,833,
1580,0.02702702702702703,111,3,0,0,833,
1581,0.02702702702702703,111,3,0,0,833,
1582,0.02702702702702703,111,3,0,0,833,
1583,0.02702702702702703,111,3,0,0,833,
1584,0.02702702702702703,111,3,0,0,833,
1585,0.02702702702702703,111,3,0,0,833,
1586,0.02702702702702703,111,3,0,0,833,
1587,0.026785714285714284,112,3,1,0,834,
1588,0.026785714285714284,112,3,0,0,834,
1589,0.026785714285714284,112,3,0,0,834,
1590,0.026785714285714284,112,3,0,0,834,
1591,0.026785714285714284,112,3,0,0,834,
1592,0.026785714285714284,112,3,0,0,834,
1593,0.026785714285714284,112,3,0,0,834,
1594,0.026785714285714284,112,3,0,0,834,
1595,0.026785714285714284,112,3,0,0,834,
1596,0.02654867256637168,113,3,1,0,835,
1597,0.02654867256637168,113,3,0,0,835,
1598,0.02654867256637168,113,3,0,0,835,
1599,0.02654867256637168,113,3,0,0,835,
1600,0.02654867256637168,113,3,0,0,835,
1601,0.02654867256637168,113,3,0,0,835,
1602,0.02654867256637168,113,3,0,0,835,
1603,0.02654867256637168,113,3,0,0,835,
1604,0.02654867256637168,113,3,0,0,835,
1605,0.02654867256637168,113,3,0,0,835,
1606,0.02654867256637168,113,3,0,0,835,
1607,0.02654867256637168,113,3,0,0,835,
1608,0.02654867256637168,113,3,0,0,835,
1609,0.02654867256637168,113,3,0,0,835,
1610,0.02654867256637168,113,3,0,0,835,
1611,0.02654867256637168,113,3,0,0,835,
1612,0.02654867256637168,113,3,0,0,835,
1613,0.02654867256637168,113,3,0,0,835,
1614,0.02654867256637168,113,3,0,0,835,
1615,0.02608695652173913,115,3,2,0,835,
1616,0.02608695652173913,115,3,0,0,835,
1617,0.02608695652173913,115,3,0,0,835,
1618,0.025,120,3,5,0,835,
1619,0.025,120,3,0,0,835,
1620,0.024793388429752067,121,3,1,0,835,
1621,0.024390243902439025,123,3,2,0,835,
1622,0.024390243902439025,123,3,0,0,835,
1623,0.024390243902439025,123,3,0,0,835,
1624,0.024390243902439025,123,3,0,0,835,
1625,0.024390243902439025,123,3,0,0,835,
1626,0.024390243902439025,123,3,0,0,836,
1627,0.024390243902439025,123,3,0,0,836,
1628,0.03225806451612903,124,4,1,1,837,
1629,0.03225806451612903,124,4,0,0,836,
1630,0.03225806451612903,124,4,0,0,836,
1631,0.03225806451612903,124,4,0,0,835,
1632,0.03225806451612903,124,4,0,0,835,
1633,0.03225806451612903,124,4,0,0,835,
1634,0.03225806451612903,124,4,0,0,835,
1635,0.032,125,4,1,0,836,
1636,0.032,125,4,0,0,836,
1637,0.032,125,4,0,0,836,
1638,0.032,125,4,0,0,836,
1639,0.032,125,4,0,0,824,
1640,0.031496062992125984,127,4,2,0,825,
1641,0.03125,128,4,1,0,825,
1642,0.03125,128,4,0,0,825,
1643,0.03125,128,4,0,0,825,
1644,0.03125,128,4,0,0,825,
1645,0.03125,128,4,0,0,825,
1646,0.03125,128,4,0,0,825,
1647,0.03125,128,4,0,0,825,
1648,0.03125,128,4,0,0,826,
1649,0.03125,128,4,0,0,825,
1650,0.03125,128,4,0,0,825,
1651,0.03125,128,4,0,0,825,
1652,0.03125,128,4,0,0,825,
1653,0.03125,128,4,0,0,826,
1654,0.031007751937984496,129,4,1,0,827,
1655,0.03076923076923077,130,4,1,0,826,
1656,0.03076923076923077,130,4,0,0,826,
1657,0.03076923076923077,130,4,0,0,826,
1658,0.03076923076923077,130,4,0,0,826,
1659,0.03076923076923077,130,4,0,0,826,
1660,0.03076923076923077,130,4,0,0,826,
1661,0.03816793893129771,131,5,1,1,827,
1662,0.045454545454545456,132,6,1,1,828,
1663,0.045454545454545456,132,6,0,0,828,
1664,0.045454545454545456,132,6,0,0,828,
1665,0.045454545454545456,132,6,0,0,828,
1666,0.04477611940298507,134,6,2,0,828,
1667,0.04477611940298507,134,6,0,0,828,
1668,0.04477611940298507,134,6,0,0,828,
1669,0.04477611940298507,134,6,0,0,828,
1670,0.05185185185185185,135,7,1,1,828,
1671,0.051470588235294115,136,7,1,0,829,
1672,0.051470588235294115,136,7,0,0,829,
1673,0.051470588235294115,136,7,0,0,829,
1674,0.051470588235294115,136,7,0,0,829,
1675,0.051470588235294115,136,7,0,0,829,
1676,0.051470588235294115,136,7,0,0,829,
1677,0.051470588235294115,136,7,0,0,828,
1678,0.051470588235294115,136,7,0,0,827,
1679,0.06428571428571428,140,9,4,2,827,
1680,0.07092198581560284,141,10,1,1,827,
1681,0.07092198581560284,141,10,0,0,827,
1682,0.07746478873239436,142,11,1,1,827,
1683,0.08333333333333333,144,12,2,1,827,
1684,0.0896551724137931,145,13,1,1,828,
1685,0.1,150,15,5,2,828,
1686,0.1,150,15,0,0,828,
1687,0.1,150,15,0,0,828,
1688,0.10596026490066225,151,16,1,1,830,
1689,0.10596026490066225,151,16,0,0,830,
1690,0.10596026490066225,151,16,0,0,830,
1691,0.10596026490066225,151,16,0,0,830,
1692,0.10596026490066225,151,16,0,0,830,
1693,0.11764705882352941,153,18,2,2,834,
1694,0.11764705882352941,153,18,0,0,835,
1695,0.11764705882352941,153,18,0,0,835,
1696,0.11764705882352941,153,18,0,0,835,
1697,0.11764705882352941,153,18,0,0,835,
1698,0.11764705882352941,153,18,0,0,835,
1699,0.11764705882352941,153,18,0,0,836,
1700,0.11764705882352941,153,18,0,0,832,
1701,0.11612903225806452,155,18,2,0,834,
1702,0.11612903225806452,155,18,0,0,836,
1703,0.11612903225806452,155,18,0,0,837,
1704,0.11612903225806452,155,18,0,0,837,
1705,0.11612903225806452,155,18,0,0,838,
1706,0.11612903225806452,155,18,0,0,838,
1707,0.11612903225806452,155,18,0,0,838,
1708,0.11612903225806452,155,18,0,0,838,
1709,0.11612903225806452,155,18,0,0,838,
1710,0.12025316455696203,158,19,3,1,841,
1711,0.12025316455696203,158,19,0,0,842,
1712,0.11949685534591195,159,19,1,0,842,
1713,0.11949685534591195,159,19,0,0,842,
1714,0.11875,160,19,1,0,843,
1715,0.12422360248447205,161,20,1,1,844,
1716,0.12422360248447205,161,20,0,0,845,
1717,0.13414634146341464,164,22,3,2,847,
1718,0.13414634146341464,164,22,0,0,849,
1719,0.13414634146341464,164,22,0,0,849,
1720,0.1497005988023952,167,25,3,3,851,
1721,0.14792899408284024,169,25,2,0,851,
1722,0.14792899408284024,169,25,0,0,851,
1723,0.14792899408284024,169,25,0,0,851,
1724,0.14792899408284024,169,25,0,0,851,
1725,0.14792899408284024,169,25,0,0,852,
1726,0.16,175,28,6,3,853,
1727,0.16477272727272727,176,29,1,1,852,
1728,0.16477272727272727,176,29,0,0,852,
1729,0.16477272727272727,176,29,0,0,852,
1730,0.16477272727272727,176,29,0,0,852,
1731,0.16477272727272727,176,29,0,0,852,
1732,0.16477272727272727,176,29,0,0,852,
1733,0.16477272727272727,176,29,0,0,852,
1734,0.16477272727272727,176,29,0,0,852,
1735,0.16477272727272727,176,29,0,0,852,
1736,0.16477272727272727,176,29,0,0,853,
1737,0.16477272727272727,176,29,0,0,853,
1738,0.16477272727272727,176,29,0,0,853,
1739,0.16477272727272727,176,29,0,0,853,
1740,0.16022099447513813,181,29,5,0,858,
1741,0.16022099447513813,181,29,0,0,858,
1742,0.16022099447513813,181,29,0,0,858,
1743,0.16022099447513813,181,29,0,0,856,
1744,0.16022099447513813,181,29,0,0,856,
1745,0.15934065934065933,182,29,1,0,857,
1746,0.15934065934065933,182,29,0,0,857,
1747,0.1711229946524064,187,32,5,3,857,
1748,0.1702127659574468,188,32,1,0,857,
1749,0.1702127659574468,188,32,0,0,857,
1750,0.16666666666666666,192,32,4,0,858,
1751,0.1641025641025641,195,32,3,0,860,
1752,0.16326530612244897,196,32,1,0,861,
1753,0.16666666666666666,198,33,2,1,861,
1754,0.1658291457286432,199,33,1,0,862,
1755,0.1658291457286432,199,33,0,0,863,
1756,0.16417910447761194,201,33,2,0,864,
1757,0.16417910447761194,201,33,0,0,864,
1758,0.16831683168316833,202,34,1,1,865,
1759,0.16831683168316833,202,34,0,0,865,
1760,0.16831683168316833,202,34,0,0,865,
1761,0.16831683168316833,202,34,0,0,865,
1762,0.16831683168316833,202,34,0,0,865,
1763,0.16831683168316833,202,34,0,0,865,
1764,0.16831683168316833,202,34,0,0,865,
1765,0.16831683168316833,202,34,0,0,865,
1766,0.16748768472906403,203,34,1,0,866,
1767,0.16748768472906403,203,34,0,0,866,
1768,0.16748768472906403,203,34,0,0,866,
1769,0.16748768472906403,203,34,0,0,866,
1770,0.16748768472906403,203,34,0,0,866,
1771,0.17560975609756097,205,36,2,2,868,
1772,0.17560975609756097,205,36,0,0,868,
1773,0.17560975609756097,205,36,0,0,868,
1774,0.1796116504854369,206,37,1,1,870,
1775,0.1796116504854369,206,37,0,0,870,
1776,0.1796116504854369,206,37,0,0,870,
1777,0.1796116504854369,206,37,0,0,871,
1778,0.1796116504854369,206,37,0,0,871,
1779,0.1796116504854369,206,37,0,0,871,
1780,0.1875,208,39,2,2,873,
1781,0.1875,208,39,0,0,873,
1782,0.1875,208,39,0,0,874,
1783,0.1875,208,39,0,0,874,
1784,0.19523809523809524,210,41,2,2,876,
1785,0.19523809523809524,210,41,0,0,878,
1786,0.19523809523809524,210,41,0,0,880,
1787,0.19339622641509435,212,41,2,0,880,
1788,0.19248826291079812,213,41,1,0,880,
1789,0.19158878504672897,214,41,1,0,881,
1790,0.19069767441860466,215,41,1,0,882,
1791,0.19069767441860466,215,41,0,0,882,
1792,0.19069767441860466,215,41,0,0,882,
1793,0.19069767441860466,215,41,0,0,883,
1794,0.19069767441860466,215,41,0,0,884,
1795,0.19444444444444445,216,42,1,1,884,
1796,0.19444444444444445,216,42,0,0,884,
1797,0.19444444444444445,216,42,0,0,884,
1798,0.19444444444444445,216,42,0,0,884,
1799,0.19444444444444445,216,42,0,0,884,
1800,0.1935483870967742,217,42,1,0,884,
1801,0.1935483870967742,217,42,0,0,884,
1802,0.1935483870967742,217,42,0,0,884,
1803,0.1935483870967742,217,42,0,0,889,
1804,0.1935483870967742,217,42,0,0,890,
1805,0.1935483870967742,217,42,0,0,890,
1806,0.1926605504587156,218,42,1,0,892,
1807,0.1926605504587156,218,42,0,0,894,
1808,0.1926605504587156,218,42,0,0,894,
1809,0.1926605504587156,218,42,0,0,894,
1810,0.1926605504587156,218,42,0,0,894,
1811,0.19090909090909092,220,42,2,0,896,
1812,0.19090909090909092,220,42,0,0,896,
1813,0.19090909090909092,220,42,0,0,896,
1814,0.19090909090909092,220,42,0,0,896,
1815,0.19282511210762332,223,43,3,1,897,
1816,0.19383259911894274,227,44,4,1,897,
1817,0.19383259911894274,227,44,0,0,897,
1818,0.19383259911894274,227,44,0,0,897,
1819,0.19383259911894274,227,44,0,0,897,
1820,0.19383259911894274,227,44,0,0,897,
1821,0.19383259911894274,227,44,0,0,897,
1822,0.19383259911894274,227,44,0,0,897,
1823,0.19298245614035087,228,44,1,0,898,
1824,0.19213973799126638,229,44,1,0,899,
1825,0.19213973799126638,229,44,0,0,899,
1826,0.19480519480519481,231,45,2,1,899,
1827,0.1939655172413793,232,45,1,0,900,
1828,0.2,235,47,3,2,900,
1829,0.2033898305084746,236,48,1,1,900,
1830,0.2033898305084746,236,48,0,0,900,
1831,0.2033898305084746,236,48,0,0,900,
1832,0.2033898305084746,236,48,0,0,900,
1833,0.2033898305084746,236,48,0,0,901,
1834,0.22950819672131148,244,56,8,8,911,
1835,0.22950819672131148,244,56,0,0,911,
1836,0.23265306122448978,245,57,1,1,912,
1837,0.2388663967611336,247,59,2,2,914,
1838,0.24193548387096775,248,60,1,1,916,
1839,0.24497991967871485,249,61,1,1,916,
1840,0.24497991967871485,249,61,0,0,915,
1841,0.23018867924528302,265,61,16,0,915,
1842,0.23018867924528302,265,61,0,0,915,
1843,0.23018867924528302,265,61,0,0,915,
1844,0.23048327137546468,269,62,4,1,915,
1845,0.23048327137546468,269,62,0,0,916,
1846,0.23048327137546468,269,62,0,0,916,
1847,0.23048327137546468,269,62,0,0,915,
1848,0.23333333333333334,270,63,1,1,916,
1849,0.23616236162361623,271,64,1,1,917,
1850,0.23272727272727273,275,64,4,0,921,
1851,0.23272727272727273,275,64,0,0,921,
1852,0.23272727272727273,275,64,0,0,922,
1853,0.2318840579710145,276,64,1,0,923,
1854,0.23465703971119134,277,65,1,1,924,
1855,0.23465703971119134,277,65,0,0,924,
1856,0.23465703971119134,277,65,0,0,924,
1857,0.23465703971119134,277,65,0,0,924,
1858,0.23465703971119134,277,65,0,0,925,
1859,0.23465703971119134,277,65,0,0,925,
1860,0.23465703971119134,277,65,0,0,925,
1861,0.23465703971119134,277,65,0,0,926,
1862,0.23465703971119134,277,65,0,0,926,
1863,0.23465703971119134,277,65,0,0,926,
1864,0.23465703971119134,277,65,0,0,926,
1865,0.23465703971119134,277,65,0,0,926,
1866,0.23381294964028776,278,65,1,0,926,
1867,0.23381294964028776,278,65,0,0,926,
1868,0.23381294964028776,278,65,0,0,926,
1869,0.23655913978494625,279,66,1,1,926,
1870,0.23843416370106763,281,67,2,1,927,
1871,0.2375886524822695,282,67,1,0,928,
1872,0.2375886524822695,282,67,0,0,928,
1873,0.2375886524822695,282,67,0,0,928,
1874,0.2375886524822695,282,67,0,0,928,
1875,0.23448275862068965,290,68,8,1,925,
1876,0.2328767123287671,292,68,2,0,922,
1877,0.2328767123287671,292,68,0,0,922,
1878,0.2328767123287671,292,68,0,0,922,
1879,0.23208191126279865,293,68,1,0,922,
1880,0.23208191126279865,293,68,0,0,922,
1881,0.23208191126279865,293,68,0,0,931,
1882,0.23469387755102042,294,69,1,1,930,
1883,0.23232323232323232,297,69,3,0,933,
1884,0.23154362416107382,298,69,1,0,933,
1885,0.23154362416107382,298,69,0,0,933,
1886,0.23154362416107382,298,69,0,0,933,
1887,0.23154362416107382,298,69,0,0,933,
1888,0.23154362416107382,298,69,0,0,933,
1889,0.23076923076923078,299,69,1,0,934,
1890,0.23076923076923078,299,69,0,0,934,
1891,0.22772277227722773,303,69,4,0,939,
1892,0.22772277227722773,303,69,0,0,939,
1893,0.22772277227722773,303,69,0,0,940,
1894,0.2262295081967213,305,69,2,0,941,
1895,0.22330097087378642,309,69,4,0,945,
1896,0.22330097087378642,309,69,0,0,945,
1897,0.22258064516129034,310,69,1,0,946,
1898,0.22258064516129034,310,69,0,0,947,
1899,0.22258064516129034,310,69,0,0,950,
1900,0.22258064516129034,310,69,0,0,950,
1901,0.22258064516129034,310,69,0,0,950,
1902,0.22258064516129034,310,69,0,0,950,
1903,0.22258064516129034,310,69,0,0,950,
1904,0.22186495176848875,311,69,1,0,955,
1905,0.22186495176848875,311,69,0,0,955,
1906,0.22186495176848875,311,69,0,0,955,
1907,0.22186495176848875,311,69,0,0,955,
1908,0.22364217252396165,313,70,2,1,956,
1909,0.22364217252396165,313,70,0,0,956,
1910,0.22364217252396165,313,70,0,0,956,
1911,0.22364217252396165,313,70,0,0,956,
1912,0.22364217252396165,313,70,0,0,956,
1913,0.22364217252396165,313,70,0,0,956,
1914,0.22364217252396165,313,70,0,0,956,
1915,0.22364217252396165,313,70,0,0,956,
1916,0.22364217252396165,313,70,0,0,956,
1917,0.22611464968152867,314,71,1,1,956,
1918,0.22611464968152867,314,71,0,0,956,
1919,0.22611464968152867,314,71,0,0,956,
1920,0.22397476340694006,317,71,3,0,956,
1921,0.22397476340694006,317,71,0,0,956,
1922,0.2225705329153605,319,71,2,0,958,
1923,0.2225705329153605,319,71,0,0,958,
1924,0.2225705329153605,319,71,0,0,957,
1925,0.2225705329153605,319,71,0,0,956,
1926,0.2225705329153605,319,71,0,0,955,
1927,0.2225705329153605,319,71,0,0,955,
1928,0.2225705329153605,319,71,0,0,955,
1929,0.2225705329153605,319,71,0,0,956,
1930,0.2225705329153605,319,71,0,0,956,
1931,0.2225705329153605,319,71,0,0,958,
1932,0.2225705329153605,319,71,0,0,959,
1933,0.2225705329153605,319,71,0,0,959,
1934,0.2225705329153605,319,71,0,0,960,
1935,0.2204968944099379,322,71,3,0,967,
1936,0.21981424148606812,323,71,1,0,968,
1937,0.21981424148606812,323,71,0,0,968,
1938,0.2191358024691358,324,71,1,0,971,
1939,0.22629969418960244,327,74,3,3,974,
1940,0.22356495468277945,331,74,4,0,978,
1941,0.22522522522522523,333,75,2,1,977,
1942,0.22522522522522523,333,75,0,0,976,
1943,0.22522522522522523,333,75,0,0,976,
1944,0.22522522522522523,333,75,0,0,975,
1945,0.22686567164179106,335,76,2,1,976,
1946,0.22686567164179106,335,76,0,0,977,
1947,0.22686567164179106,335,76,0,0,977,
1948,0.22686567164179106,335,76,0,0,978,
1949,0.22686567164179106,335,76,0,0,978,
1950,0.22686567164179106,335,76,0,0,978,
1951,0.2261904761904762,336,76,1,0,978,
1952,0.2261904761904762,336,76,0,0,978,
1953,0.2261904761904762,336,76,0,0,978,
1954,0.2261904761904762,336,76,0,0,978,
1955,0.2261904761904762,336,76,0,0,978,
1956,0.2261904761904762,336,76,0,0,979,
1957,0.2261904761904762,336,76,0,0,979,
1958,0.2261904761904762,336,76,0,0,979,
1959,0.22941176470588234,340,78,4,2,980,
1960,0.22807017543859648,342,78,2,0,980,
1961,0.22478386167146974,347,78,5,0,980,
1962,0.2222222222222222,351,78,4,0,984,
1963,0.2215909090909091,352,78,1,0,985,
1964,0.2215909090909091,352,78,0,0,985,
1965,0.2184873949579832,357,78,5,0,984,
1966,0.21787709497206703,358,78,1,0,985,
1967,0.21606648199445982,361,78,3,0,986,
1968,0.21606648199445982,361,78,0,0,986,
1969,0.21487603305785125,363,78,2,0,989,
1970,0.2136986301369863,365,78,2,0,989,
1971,0.2125340599455041,367,78,2,0,990,
1972,0.21024258760107817,371,78,4,0,994,
1973,0.21024258760107817,371,78,0,0,994,
1974,0.20911528150134048,373,78,2,0,996,
1975,0.21122994652406418,374,79,1,1,997,
1976,0.21122994652406418,374,79,0,0,997,
1977,0.21066666666666667,375,79,1,0,999,
1978,0.21066666666666667,375,79,0,0,1000,
1979,0.21066666666666667,375,79,0,0,1001,
1980,0.21066666666666667,375,79,0,0,1002,
1981,0.21066666666666667,375,79,0,0,1002,
1982,0.21066666666666667,375,79,0,0,1004,
1983,0.21066666666666667,375,79,0,0,1004,
1984,0.21066666666666667,375,79,0,0,1004,
1985,0.21066666666666667,375,79,0,0,1004,
1986,0.21066666666666667,375,79,0,0,1004,
1987,0.21066666666666667,375,79,0,0,1004,
1988,0.21066666666666667,375,79,0,0,1004,
1989,0.21066666666666667,375,79,0,0,1004,
1990,0.21066666666666667,375,79,0,0,1004,
1991,0.21010638297872342,376,79,1,0,1004,
1992,0.21010638297872342,376,79,0,0,1004,
1993,0.20954907161803712,377,79,1,0,1005,
1994,0.20954907161803712,377,79,0,0,1005,
1995,0.20954907161803712,377,79,0,0,1005,
1996,0.20954907161803712,377,79,0,0,1005,
1997,0.20954907161803712,377,79,0,0,1005,
1998,0.20954907161803712,377,79,0,0,1005,
1999,0.20954907161803712,377,79,0,0,1005,
2000,0.20954907161803712,377,79,0,0,1006,
2001,0.206266318537859,383,79,6,0,1011,
2002,0.2051948051948052,385,79,2,0,1013,
2003,0.2051948051948052,385,79,0,0,1014,
2004,0.2051948051948052,385,79,0,0,1014,
2005,0.2051948051948052,385,79,0,0,1014,
2006,0.2051948051948052,385,79,0,0,1014,
2007,0.2051948051948052,385,79,0,0,1014,
2008,0.2051948051948052,385,79,0,0,1015,
2009,0.20466321243523317,386,79,1,0,1015,
2010,0.2041343669250646,387,79,1,0,1015,
2011,0.2041343669250646,387,79,0,0,1015,
2012,0.2041343669250646,387,79,0,0,1015,
2013,0.2036082474226804,388,79,1,0,1013,
2014,0.2036082474226804,388,79,0,0,1013,
2015,0.2036082474226804,388,79,0,0,1013,
2016,0.20308483290488433,389,79,1,0,1013,
2017,0.20308483290488433,389,79,0,0,1013,
2018,0.20256410256410257,390,79,1,0,1014,
2019,0.20256410256410257,390,79,0,0,1014,
2020,0.20256410256410257,390,79,0,0,1014,
2021,0.20256410256410257,390,79,0,0,1014,
2022,0.20256410256410257,390,79,0,0,1015,
2023,0.20256410256410257,390,79,0,0,1015,
2024,0.2020460358056266,391,79,1,0,1015,
2025,0.2020460358056266,391,79,0,0,1015,
2026,0.2020460358056266,391,79,0,0,1015,
2027,0.2020460358056266,391,79,0,0,1015,
2028,0.2020460358056266,391,79,0,0,1015,
2029,0.2020460358056266,391,79,0,0,1015,
2030,0.2020460358056266,391,79,0,0,1015,
2031,0.20050761421319796,394,79,3,0,1015,
2032,0.2,395,79,1,0,1015,
2033,0.1994949494949495,396,79,1,0,1015,
2034,0.1994949494949495,396,79,0,0,1015,
2035,0.19899244332493704,397,79,1,0,1015,
2036,0.19899244332493704,397,79,0,0,1015,
2037,0.19899244332493704,397,79,0,0,1015,
2038,0.19899244332493704,397,79,0,0,1015,
2039,0.19899244332493704,397,79,0,0,1015,
2040,0.19899244332493704,397,79,0,0,1015,
2041,0.19899244332493704,397,79,0,0,1015,
2042,0.19899244332493704,397,79,0,0,1015,
2043,0.19899244332493704,397,79,0,0,1015,
2044,0.19899244332493704,397,79,0,0,1015,
2045,0.19899244332493704,397,79,0,0,1015,
2046,0.19899244332493704,397,79,0,0,1015,
2047,0.19899244332493704,397,79,0,0,1015,
2048,0.19899244332493704,397,79,0,0,1015,
2049,0.19899244332493704,397,79,0,0,1015,
2050,0.1984924623115578,398,79,1,0,1015,
2051,0.1984924623115578,398,79,0,0,1015,
2052,0.2025,400,81,2,2,1015,
2053,0.2025,400,81,0,0,1015,
2054,0.2025,400,81,0,0,1015,
2055,0.2025,400,81,0,0,1015,
2056,0.2025,400,81,0,0,1015,
2057,0.2025,400,81,0,0,1016,
2058,0.2025,400,81,0,0,1016,
2059,0.2025,400,81,0,0,1016,
2060,0.20448877805486285,401,82,1,1,1018,
2061,0.20398009950248755,402,82,1,0,1018,
2062,0.20398009950248755,402,82,0,0,1018,
2063,0.20347394540942929,403,82,1,0,1019,
2064,0.20347394540942929,403,82,0,0,1020,
2065,0.20246913580246914,405,82,2,0,1021,
2066,0.2019704433497537,406,82,1,0,1022,
2067,0.2019704433497537,406,82,0,0,1022,
2068,0.20098039215686275,408,82,2,0,1024,
2069,0.20048899755501223,409,82,1,0,1025,
2070,0.2,410,82,1,0,1026,
2071,0.19951338199513383,411,82,1,0,1027,
2072,0.19951338199513383,411,82,0,0,1027,
2073,0.19951338199513383,411,82,0,0,1027,
2074,0.19951338199513383,411,82,0,0,1027,
2075,0.19951338199513383,411,82,0,0,1027,
2076,0.1971153846153846,416,82,5,0,1032,
2077,0.1971153846153846,416,82,0,0,1032,
2078,0.1971153846153846,416,82,0,0,1032,
2079,0.1971153846153846,416,82,0,0,1032,
2080,0.19477434679334918,421,82,5,0,1035,
2081,0.19477434679334918,421,82,0,0,1035,
2082,0.1943127962085308,422,82,1,0,1035,
2083,0.19621749408983452,423,83,1,1,1038,
2084,0.19621749408983452,423,83,0,0,1038,
2085,0.20187793427230047,426,86,3,3,1038,
2086,0.20187793427230047,426,86,0,0,1038,
2087,0.20279720279720279,429,87,3,1,1039,
2088,0.20279720279720279,429,87,0,0,1039,
2089,0.20279720279720279,429,87,0,0,1039,
2090,0.20279720279720279,429,87,0,0,1041,
2091,0.20279720279720279,429,87,0,0,1041,
2092,0.20279720279720279,429,87,0,0,1042,
2093,0.20279720279720279,429,87,0,0,1042,
2094,0.20279720279720279,429,87,0,0,1042,
2095,0.20279720279720279,429,87,0,0,1042,
2096,0.20279720279720279,429,87,0,0,1042,
2097,0.20279720279720279,429,87,0,0,1042,
2098,0.20279720279720279,429,87,0,0,1043,
2099,0.20279720279720279,429,87,0,0,1043,
2100,0.20279720279720279,429,87,0,0,1043,
2101,0.20279720279720279,429,87,0,0,1044,
2102,0.20185614849187936,431,87,2,0,1046,
2103,0.20185614849187936,431,87,0,0,1046,
2104,0.20046082949308755,434,87,3,0,1047,
2105,0.20412844036697247,436,89,2,2,1048,
2106,0.20454545454545456,440,90,4,1,1050,
2107,0.20634920634920634,441,91,1,1,1050,
2108,0.20634920634920634,441,91,0,0,1050,
2109,0.20634920634920634,441,91,0,0,1050,
2110,0.203125,448,91,7,0,1050,
2111,0.20489977728285078,449,92,1,1,1051,
2112,0.20489977728285078,449,92,0,0,1051,
2113,0.20489977728285078,449,92,0,0,1051,
2114,0.20489977728285078,449,92,0,0,1051,
2115,0.20489977728285078,449,92,0,0,1051,
2116,0.20666666666666667,450,93,1,1,1052,
2117,0.20666666666666667,450,93,0,0,1052,
2118,0.20666666666666667,450,93,0,0,1052,
2119,0.20842572062084258,451,94,1,1,1052,
2120,0.20842572062084258,451,94,0,0,1052,
2121,0.2097130242825607,453,95,2,1,1054,
2122,0.2087912087912088,455,95,2,0,1056,
2123,0.2087912087912088,455,95,0,0,1056,
2124,0.2087912087912088,455,95,0,0,1056,
2125,0.2087912087912088,455,95,0,0,1056,
2126,0.2087912087912088,455,95,0,0,1056,
2127,0.20833333333333334,456,95,1,0,1059,
2128,0.20833333333333334,456,95,0,0,1059,
2129,0.20833333333333334,456,95,0,0,1059,
2130,0.20833333333333334,456,95,0,0,1059,
2131,0.20833333333333334,456,95,0,0,1059,
2132,0.20833333333333334,456,95,0,0,1059,
2133,0.20833333333333334,456,95,0,0,1060,
2134,0.20833333333333334,456,95,0,0,1060,
2135,0.20833333333333334,456,95,0,0,1060,
2136,0.20833333333333334,456,95,0,0,1061,
2137,0.20833333333333334,456,95,0,0,1061,
2138,0.20833333333333334,456,95,0,0,1061,
2139,0.20697167755991286,459,95,3,0,1063,
2140,0.2086021505376344,465,97,6,2,1064,
2141,0.2059447983014862,471,97,6,0,1056,
2142,0.20739219712525667,487,101,16,4,1046,
2143,0.20939334637964774,511,107,24,6,1051,
2144,0.20939334637964774,511,107,0,0,1050,
2145,0.2076923076923077,520,108,9,1,1051,
2146,0.2076923076923077,520,108,0,0,1050,
2147,0.20689655172413793,522,108,2,0,1051,
2148,0.20689655172413793,522,108,0,0,1051,
2149,0.20689655172413793,522,108,0,0,1051,
2150,0.20689655172413793,522,108,0,0,1051,
2151,0.20650095602294455,523,108,1,0,1051,
2152,0.20650095602294455,523,108,0,0,1051,
2153,0.20650095602294455,523,108,0,0,1051,
2154,0.20650095602294455,523,108,0,0,1051,
2155,0.20650095602294455,523,108,0,0,1051,
2156,0.20650095602294455,523,108,0,0,1051,
2157,0.20610687022900764,524,108,1,0,1052,
2158,0.20610687022900764,524,108,0,0,1052,
2159,0.20610687022900764,524,108,0,0,1056,
2160,0.20610687022900764,524,108,0,0,1056,
2161,0.20610687022900764,524,108,0,0,1056,
2162,0.20683111954459202,527,109,3,1,1059,
2163,0.20643939393939395,528,109,1,0,1060,
2164,0.2060491493383743,529,109,1,0,1061,
2165,0.20754716981132076,530,110,1,1,1061,
2166,0.20754716981132076,530,110,0,0,1061,
2167,0.20754716981132076,530,110,0,0,1061,
2168,0.20754716981132076,530,110,0,0,1061,
2169,0.20754716981132076,530,110,0,0,1061,
2170,0.20754716981132076,530,110,0,0,1061,
2171,0.20754716981132076,530,110,0,0,1062,
2172,0.20754716981132076,530,110,0,0,1062,
2173,0.20754716981132076,530,110,0,0,1062,
2174,0.20754716981132076,530,110,0,0,1063,
2175,0.20754716981132076,530,110,0,0,1063,
2176,0.20676691729323307,532,110,2,0,1066,
2177,0.20676691729323307,532,110,0,0,1066,
2178,0.20676691729323307,532,110,0,0,1068,
2179,0.20637898686679174,533,110,1,0,1069,
2180,0.20637898686679174,533,110,0,0,1069,
2181,0.20637898686679174,533,110,0,0,1069,
2182,0.205607476635514,535,110,2,0,1071,
2183,0.205607476635514,535,110,0,0,1072,
2184,0.205607476635514,535,110,0,0,1072,
2185,0.205607476635514,535,110,0,0,1074,
2186,0.2085661080074488,537,112,2,2,1074,
2187,0.2085661080074488,537,112,0,0,1076,
2188,0.2085661080074488,537,112,0,0,1077,
2189,0.2085661080074488,537,112,0,0,1077,
2190,0.20817843866171004,538,112,1,0,1078,
2191,0.20817843866171004,538,112,0,0,1078,
2192,0.20817843866171004,538,112,0,0,1078,
2193,0.20817843866171004,538,112,0,0,1077,
2194,0.2077922077922078,539,112,1,0,1078,
2195,0.2077922077922078,539,112,0,0,1077,
2196,0.2077922077922078,539,112,0,0,1077,
2197,0.2074074074074074,540,112,1,0,1078,
2198,0.20702402957486138,541,112,1,0,1079,
2199,0.2066420664206642,542,112,1,0,1080,
2200,0.2066420664206642,542,112,0,0,1080,
2201,0.20810313075506445,543,113,1,1,1080,
2202,0.20810313075506445,543,113,0,0,1080,
2203,0.20810313075506445,543,113,0,0,1080,
2204,0.20810313075506445,543,113,0,0,1080,
2205,0.20810313075506445,543,113,0,0,1080,
2206,0.20772058823529413,544,113,1,0,1081,
2207,0.20772058823529413,544,113,0,0,1081,
2208,0.20772058823529413,544,113,0,0,1081,
2209,0.20917431192660552,545,114,1,1,1081,
2210,0.20917431192660552,545,114,0,0,1081,
2211,0.2087912087912088,546,114,1,0,1082,
2212,0.2087912087912088,546,114,0,0,1082,
2213,0.2087912087912088,546,114,0,0,1082,
2214,0.20802919708029197,548,114,2,0,1084,
2215,0.20947176684881602,549,115,1,1,1085,
2216,0.20947176684881602,549,115,0,0,1085,
2217,0.20947176684881602,549,115,0,0,1086,
2218,0.20909090909090908,550,115,1,0,1087,
2219,0.20909090909090908,550,115,0,0,1088,
2220,0.20909090909090908,550,115,0,0,1088,
2221,0.20909090909090908,550,115,0,0,1088,
2222,0.20909090909090908,550,115,0,0,1088,
2223,0.20909090909090908,550,115,0,0,1088,
2224,0.20871143375680581,551,115,1,0,1088,
2225,0.20871143375680581,551,115,0,0,1087,
2226,0.20871143375680581,551,115,0,0,1087,
2227,0.20871143375680581,551,115,0,0,1087,
2228,0.20871143375680581,551,115,0,0,1087,
2229,0.20871143375680581,551,115,0,0,1087,
2230,0.20871143375680581,551,115,0,0,1087,
2231,0.20871143375680581,551,115,0,0,1087,
2232,0.20871143375680581,551,115,0,0,1087,
2233,0.20871143375680581,551,115,0,0,1087,
2234,0.20833333333333334,552,115,1,0,1088,
2235,0.20833333333333334,552,115,0,0,1088,
2236,0.20833333333333334,552,115,0,0,1088,
2237,0.20833333333333334,552,115,0,0,1088,
2238,0.20833333333333334,552,115,0,0,1088,
2239,0.20795660036166366,553,115,1,0,1088,
2240,0.2075812274368231,554,115,1,0,1089,
2241,0.2075812274368231,554,115,0,0,1089,
2242,0.2075812274368231,554,115,0,0,1089,
2243,0.2075812274368231,554,115,0,0,1089,
2244,0.2075812274368231,554,115,0,0,1089,
2245,0.2072072072072072,555,115,1,0,1090,
2246,0.2072072072072072,555,115,0,0,1091,
2247,0.2072072072072072,555,115,0,0,1090,
2248,0.2072072072072072,555,115,0,0,1090,
2249,0.2072072072072072,555,115,0,0,1090,
2250,0.20863309352517986,556,116,1,1,1090,
2251,0.21005385996409337,557,117,1,1,1091,
2252,0.21428571428571427,560,120,3,3,1094,
2253,0.21428571428571427,560,120,0,0,1094,
2254,0.21428571428571427,560,120,0,0,1094,
2255,0.21390374331550802,561,120,1,0,1095,
2256,0.21314387211367672,563,120,2,0,1097,
2257,0.21314387211367672,563,120,0,0,1097,
2258,0.2127659574468085,564,120,1,0,1096,
2259,0.2127659574468085,564,120,0,0,1096,
2260,0.21415929203539824,565,121,1,1,1097,
2261,0.2137809187279152,566,121,1,0,1097,
2262,0.2137809187279152,566,121,0,0,1097,
2263,0.21340388007054673,567,121,1,0,1098,
2264,0.21340388007054673,567,121,0,0,1098,
2265,0.2147887323943662,568,122,1,1,1099,
2266,0.2147887323943662,568,122,0,0,1099,
2267,0.2147887323943662,568,122,0,0,1099,
2268,0.2147887323943662,568,122,0,0,1099,
2269,0.2147887323943662,568,122,0,0,1099,
2270,0.2147887323943662,568,122,0,0,1099,
2271,0.2147887323943662,568,122,0,0,1099,
2272,0.21616871704745166,569,123,1,1,1100,
2273,0.2171628721541156,571,124,2,1,1102,
2274,0.21678321678321677,572,124,1,0,1102,
2275,0.21678321678321677,572,124,0,0,1102,
2276,0.2181500872600349,573,125,1,1,1103,
2277,0.2181500872600349,573,125,0,0,1103,
2278,0.2181500872600349,573,125,0,0,1103,
2279,0.2181500872600349,573,125,0,0,1103,
2280,0.2181500872600349,573,125,0,0,1103,
2281,0.2181500872600349,573,125,0,0,1103,
2282,0.2181500872600349,573,125,0,0,1103,
2283,0.2181500872600349,573,125,0,0,1103,
2284,0.2181500872600349,573,125,0,0,1103,
2285,0.2181500872600349,573,125,0,0,1107,
2286,0.2181500872600349,573,125,0,0,1108,
2287,0.21777003484320556,574,125,1,0,1109,
2288,0.21777003484320556,574,125,0,0,1112,
2289,0.21777003484320556,574,125,0,0,1112,
2290,0.21777003484320556,574,125,0,0,1112,
2291,0.21777003484320556,574,125,0,0,1112,
2292,0.21777003484320556,574,125,0,0,1112,
2293,0.21777003484320556,574,125,0,0,1112,
2294,0.21777003484320556,574,125,0,0,1112,
2295,0.21777003484320556,574,125,0,0,1112,
2296,0.21777003484320556,574,125,0,0,1112,
2297,0.21777003484320556,574,125,0,0,1113,
2298,0.21777003484320556,574,125,0,0,1113,
2299,0.21777003484320556,574,125,0,0,1118,
2300,0.21777003484320556,574,125,0,0,1124,
2301,0.21777003484320556,574,125,0,0,1128,
2302,0.21875,576,126,2,1,1129,
2303,0.22145328719723184,578,128,2,2,1132,
2304,0.22145328719723184,578,128,0,0,1132,
2305,0.22145328719723184,578,128,0,0,1132,
2306,0.22145328719723184,578,128,0,0,1132,
2307,0.22145328719723184,578,128,0,0,1132,
2308,0.22145328719723184,578,128,0,0,1132,
2309,0.22145328719723184,578,128,0,0,1132,
2310,0.22107081174438686,579,128,1,0,1133,
2311,0.22107081174438686,579,128,0,0,1133,
2312,0.22107081174438686,579,128,0,0,1133,
2313,0.22107081174438686,579,128,0,0,1133,
2314,0.2206896551724138,580,128,1,0,1134,
2315,0.2195540308747856,583,128,3,0,1137,
2316,0.2179054054054054,592,129,9,1,1137,
2317,0.2175379426644182,593,129,1,0,1139,
2318,0.2175379426644182,593,129,0,0,1139,
2319,0.2175379426644182,593,129,0,0,1139,
2320,0.2175379426644182,593,129,0,0,1139,
2321,0.2175379426644182,593,129,0,0,1139,
2322,0.21717171717171718,594,129,1,0,1141,
2323,0.21717171717171718,594,129,0,0,1147,
2324,0.21608040201005024,597,129,3,0,1152,
2325,0.2157190635451505,598,129,1,0,1153,
2326,0.21833333333333332,600,131,2,2,1155,
2327,0.21963394342762063,601,132,1,1,1156,
2328,0.21963394342762063,601,132,0,0,1158,
2329,0.22442244224422442,606,136,5,4,1164,
2330,0.22442244224422442,606,136,0,0,1165,
2331,0.22442244224422442,606,136,0,0,1165,
2332,0.22442244224422442,606,136,0,0,1165,
2333,0.22442244224422442,606,136,0,0,1168,
2334,0.2247557003257329,614,138,8,2,1169,
2335,0.22439024390243903,615,138,1,0,1168,
2336,0.22439024390243903,615,138,0,0,1168,
2337,0.22439024390243903,615,138,0,0,1168,
2338,0.22439024390243903,615,138,0,0,1169,
2339,0.22439024390243903,615,138,0,0,1169,
2340,0.22439024390243903,615,138,0,0,1169,
2341,0.22439024390243903,615,138,0,0,1169,
2342,0.22402597402597402,616,138,1,0,1170,
2343,0.22294022617124395,619,138,3,0,1173,
2344,0.22294022617124395,619,138,0,0,1174,
2345,0.22258064516129034,620,138,1,0,1174,
2346,0.22364217252396165,626,140,6,2,1174,
2347,0.22364217252396165,626,140,0,0,1174,
2348,0.22364217252396165,626,140,0,0,1174,
2349,0.22364217252396165,626,140,0,0,1175,
2350,0.22364217252396165,626,140,0,0,1175,
2351,0.22364217252396165,626,140,0,0,1175,
2352,0.22364217252396165,626,140,0,0,1175,
2353,0.2302839116719243,634,146,8,6,1183,
2354,0.2302839116719243,634,146,0,0,1183,
2355,0.231496062992126,635,147,1,1,1184,
2356,0.231496062992126,635,147,0,0,1184,
2357,0.231496062992126,635,147,0,0,1184,
2358,0.231496062992126,635,147,0,0,1184,
2359,0.231496062992126,635,147,0,0,1184,
2360,0.231496062992126,635,147,0,0,1184,
2361,0.23113207547169812,636,147,1,0,1185,
2362,0.2304075235109718,638,147,2,0,1187,
2363,0.2296875,640,147,2,0,1189,
2364,0.23208722741433022,642,149,2,2,1190,
2365,0.23208722741433022,642,149,0,0,1190,
2366,0.23208722741433022,642,149,0,0,1190,
2367,0.23208722741433022,642,149,0,0,1190,
2368,0.23208722741433022,642,149,0,0,1190,
2369,0.23208722741433022,642,149,0,0,1190,
2370,0.2332814930015552,643,150,1,1,1190,
2371,0.2329192546583851,644,150,1,0,1191,
2372,0.23255813953488372,645,150,1,0,1191,
2373,0.2304147465437788,651,150,6,0,1196,
2374,0.2304147465437788,651,150,0,0,1196,
2375,0.2304147465437788,651,150,0,0,1196,
2376,0.2304147465437788,651,150,0,0,1197,
2377,0.2304147465437788,651,150,0,0,1198,
2378,0.2304147465437788,651,150,0,0,1198,
2379,0.22970903522205208,653,150,2,0,1200,
2380,0.22970903522205208,653,150,0,0,1200,
2381,0.22935779816513763,654,150,1,0,1201,
2382,0.22935779816513763,654,150,0,0,1201,
2383,0.22796352583586627,658,150,4,0,1205,
2384,0.22796352583586627,658,150,0,0,1205,
2385,0.2276176024279211,659,150,1,0,1206,
2386,0.22692889561270801,661,150,2,0,1207,
2387,0.22692889561270801,661,150,0,0,1207,
2388,0.22692889561270801,661,150,0,0,1208,
2389,0.22692889561270801,661,150,0,0,1208,
2390,0.22658610271903323,662,150,1,0,1209,
2391,0.22624434389140272,663,150,1,0,1210,
2392,0.22590361445783133,664,150,1,0,1208,
2393,0.22590361445783133,664,150,0,0,1208,
2394,0.22590361445783133,664,150,0,0,1207,
2395,0.22556390977443608,665,150,1,0,1208,
2396,0.22488755622188905,667,150,2,0,1210,
2397,0.22488755622188905,667,150,0,0,1210,
2398,0.22488755622188905,667,150,0,0,1211,
2399,0.22488755622188905,667,150,0,0,1211,
2400,0.2245508982035928,668,150,1,0,1211,
2401,0.2245508982035928,668,150,0,0,1211,
2402,0.22388059701492538,670,150,2,0,1211,
2403,0.22388059701492538,670,150,0,0,1211,
2404,0.22388059701492538,670,150,0,0,1211,
2405,0.22388059701492538,670,150,0,0,1211,
2406,0.22388059701492538,670,150,0,0,1211,
2407,0.22388059701492538,670,150,0,0,1211,
2408,0.22388059701492538,670,150,0,0,1211,
2409,0.22388059701492538,670,150,0,0,1212,
2410,0.22354694485842028,671,150,1,0,1213,
2411,0.22321428571428573,672,150,1,0,1214,
2412,0.22321428571428573,672,150,0,0,1214,
2413,0.22255192878338279,674,150,2,0,1216,
2414,0.22337278106508876,676,151,2,1,1218,
2415,0.22271386430678466,678,151,2,0,1220,
2416,0.22238586156111928,679,151,1,0,1221,
2417,0.22205882352941175,680,151,1,0,1222,
2418,0.22173274596182085,681,151,1,0,1223,
2419,0.22173274596182085,681,151,0,0,1223,
2420,0.2220609579100145,689,153,8,2,1232,
2421,0.2220609579100145,689,153,0,0,1232,
2422,0.2220609579100145,689,153,0,0,1236,
2423,0.2220609579100145,689,153,0,0,1237,
2424,0.2220609579100145,689,153,0,0,1237,
2425,0.2220609579100145,689,153,0,0,1239,
2426,0.2220609579100145,689,153,0,0,1240,
2427,0.2220609579100145,689,153,0,0,1240,
2428,0.2220609579100145,689,153,0,0,1240,
2429,0.22334293948126802,694,155,5,2,1241,
2430,0.2222222222222222,702,156,8,1,1248,
2431,0.22190611664295876,703,156,1,0,1249,
2432,0.22190611664295876,703,156,0,0,1249,
2433,0.2215909090909091,704,156,1,0,1250,
2434,0.2215909090909091,704,156,0,0,1250,
2435,0.22127659574468084,705,156,1,0,1251,
2436,0.22237960339943344,706,157,1,1,1252,
2437,0.22143864598025387,709,157,3,0,1255,
2438,0.22019635343618513,713,157,4,0,1255,
2439,0.22315202231520223,717,160,4,3,1256,
2440,0.22315202231520223,717,160,0,0,1256,
2441,0.22315202231520223,717,160,0,0,1256,
2442,0.22423398328690808,718,161,1,1,1257,
2443,0.22423398328690808,718,161,0,0,1258,
2444,0.22423398328690808,718,161,0,0,1258,
2445,0.22423398328690808,718,161,0,0,1258,
2446,0.22423398328690808,718,161,0,0,1258,
2447,0.22423398328690808,718,161,0,0,1258,
2448,0.22423398328690808,718,161,0,0,1258,
2449,0.22423398328690808,718,161,0,0,1258,
2450,0.22423398328690808,718,161,0,0,1258,
2451,0.22423398328690808,718,161,0,0,1258,
2452,0.22423398328690808,718,161,0,0,1258,
2453,0.22423398328690808,718,161,0,0,1258,
2454,0.22423398328690808,718,161,0,0,1258,
2455,0.22330097087378642,721,161,3,0,1261,
2456,0.22330097087378642,721,161,0,0,1261,
2457,0.22513812154696133,724,163,3,2,1263,
2458,0.22482758620689655,725,163,1,0,1263,
2459,0.22482758620689655,725,163,0,0,1263,
2460,0.22482758620689655,725,163,0,0,1263,
2461,0.22482758620689655,725,163,0,0,1263,
2462,0.22482758620689655,725,163,0,0,1263,
2463,0.22589531680440772,726,164,1,1,1264,
2464,0.22589531680440772,726,164,0,0,1264,
2465,0.22589531680440772,726,164,0,0,1265,
2466,0.22589531680440772,726,164,0,0,1272,
2467,0.22589531680440772,726,164,0,0,1272,
2468,0.22558459422283356,727,164,1,0,1273,
2469,0.22527472527472528,728,164,1,0,1274,
2470,0.22527472527472528,728,164,0,0,1274,
2471,0.22527472527472528,728,164,0,0,1274,
2472,0.22465753424657534,730,164,2,0,1276,
2473,0.2274562584118439,743,169,13,5,1276,
2474,0.22684563758389262,745,169,2,0,1277,
2475,0.22654155495978553,746,169,1,0,1279,
2476,0.22654155495978553,746,169,0,0,1279,
2477,0.22654155495978553,746,169,0,0,1279,
2478,0.22623828647925034,747,169,1,0,1280,
2479,0.22593582887700533,748,169,1,0,1281,
2480,0.22563417890520696,749,169,1,0,1281,
2481,0.22563417890520696,749,169,0,0,1281,
2482,0.22563417890520696,749,169,0,0,1281,
2483,0.22666666666666666,750,170,1,1,1281,
2484,0.22666666666666666,750,170,0,0,1281,
2485,0.22666666666666666,750,170,0,0,1281,
2486,0.22636484687083888,751,170,1,0,1282,
2487,0.22636484687083888,751,170,0,0,1282,
2488,0.22636484687083888,751,170,0,0,1283,
2489,0.22606382978723405,752,170,1,0,1284,
2490,0.22546419098143236,754,170,2,0,1286,
2491,0.22546419098143236,754,170,0,0,1286,
2492,0.22546419098143236,754,170,0,0,1286,
2493,0.22546419098143236,754,170,0,0,1286,
2494,0.22546419098143236,754,170,0,0,1286,
2495,0.22546419098143236,754,170,0,0,1286,
2496,0.22546419098143236,754,170,0,0,1286,
2497,0.22649006622516557,755,171,1,1,1287,
2498,0.22649006622516557,755,171,0,0,1287,
2499,0.22649006622516557,755,171,0,0,1287,
2500,0.2275132275132275,756,172,1,1,1288,
2501,0.2285336856010568,757,173,1,1,1288,
2502,0.22823218997361477,758,173,1,0,1290,
2503,0.22823218997361477,758,173,0,0,1289,
2504,0.22996057818659657,761,175,3,2,1289,
2505,0.22965879265091863,762,175,1,0,1290,
2506,0.22935779816513763,763,175,1,0,1291,
2507,0.22935779816513763,763,175,0,0,1291,
2508,0.22905759162303665,764,175,1,0,1292,
2509,0.22875816993464052,765,175,1,0,1293,
2510,0.22845953002610966,766,175,1,0,1294,
2511,0.22816166883963493,767,175,1,0,1295,
2512,0.22786458333333334,768,175,1,0,1296,
2513,0.22987012987012986,770,177,2,2,1296,
2514,0.22987012987012986,770,177,0,0,1296,
2515,0.22987012987012986,770,177,0,0,1296,
2516,0.23086900129701687,771,178,1,1,1297,
2517,0.23086900129701687,771,178,0,0,1297,
2518,0.23086900129701687,771,178,0,0,1298,
2519,0.23086900129701687,771,178,0,0,1298,
2520,0.23086900129701687,771,178,0,0,1298,
2521,0.23086900129701687,771,178,0,0,1298,
2522,0.23086900129701687,771,178,0,0,1298,
2523,0.23086900129701687,771,178,0,0,1298,
2524,0.23086900129701687,771,178,0,0,1298,
2525,0.23086900129701687,771,178,0,0,1298,
2526,0.23086900129701687,771,178,0,0,1299,
2527,0.23086900129701687,771,178,0,0,1299,
2528,0.23086900129701687,771,178,0,0,1300,
2529,0.23086900129701687,771,178,0,0,1300,
2530,0.23086900129701687,771,178,0,0,1300,
2531,0.23086900129701687,771,178,0,0,1300,
2532,0.23086900129701687,771,178,0,0,1301,
2533,0.23086900129701687,771,178,0,0,1301,
2534,0.23086900129701687,771,178,0,0,1301,
2535,0.23086900129701687,771,178,0,0,1301,
2536,0.23056994818652848,772,178,1,0,1302,
2537,0.23056994818652848,772,178,0,0,1302,
2538,0.23056994818652848,772,178,0,0,1302,
2539,0.23056994818652848,772,178,0,0,1302,
2540,0.23056994818652848,772,178,0,0,1302,
2541,0.23056994818652848,772,178,0,0,1302,
2542,0.23056994818652848,772,178,0,0,1302,
2543,0.23056994818652848,772,178,0,0,1302,
2544,0.23056994818652848,772,178,0,0,1302,
2545,0.23056994818652848,772,178,0,0,1302,
2546,0.23056994818652848,772,178,0,0,1302,
2547,0.23056994818652848,772,178,0,0,1302,
2548,0.23056994818652848,772,178,0,0,1302,
2549,0.23056994818652848,772,178,0,0,1302,
2550,0.23056994818652848,772,178,0,0,1302,
2551,0.23056994818652848,772,178,0,0,1302,
2552,0.23056994818652848,772,178,0,0,1302,
2553,0.23056994818652848,772,178,0,0,1302,
2554,0.23056994818652848,772,178,0,0,1303,
2555,0.23056994818652848,772,178,0,0,1303,
2556,0.23027166882276842,773,178,1,0,1304,
2557,0.23027166882276842,773,178,0,0,1304,
2558,0.23027166882276842,773,178,0,0,1304,
2559,0.23027166882276842,773,178,0,0,1304,
2560,0.23027166882276842,773,178,0,0,1304,
2561,0.23027166882276842,773,178,0,0,1304,
2562,0.23027166882276842,773,178,0,0,1304,
2563,0.23027166882276842,773,178,0,0,1303,
2564,0.23027166882276842,773,178,0,0,1303,
2565,0.23027166882276842,773,178,0,0,1303,
2566,0.23027166882276842,773,178,0,0,1303,
2567,0.23027166882276842,773,178,0,0,1303,
2568,0.23027166882276842,773,178,0,0,1303,
2569,0.22938144329896906,776,178,3,0,1306,
2570,0.22938144329896906,776,178,0,0,1306,
2571,0.22879177377892032,778,178,2,0,1308,
2572,0.22849807445442877,779,178,1,0,1309,
2573,0.2282051282051282,780,178,1,0,1310,
2574,0.2282051282051282,780,178,0,0,1310,
2575,0.2282051282051282,780,178,0,0,1310,
2576,0.2282051282051282,780,178,0,0,1310,
2577,0.22791293213828426,781,178,1,0,1310,
2578,0.227330779054917,783,178,2,0,1312,
2579,0.227330779054917,783,178,0,0,1313,
2580,0.227330779054917,783,178,0,0,1313,
2581,0.227330779054917,783,178,0,0,1313,
2582,0.227330779054917,783,178,0,0,1313,
2583,0.227330779054917,783,178,0,0,1313,
2584,0.22704081632653061,784,178,1,0,1314,
2585,0.22704081632653061,784,178,0,0,1314,
2586,0.2267515923566879,785,178,1,0,1316,
2587,0.22727272727272727,792,180,7,2,1319,
2588,0.22698612862547288,793,180,1,0,1319,
2589,0.22698612862547288,793,180,0,0,1319,
2590,0.2258469259723965,797,180,4,0,1323,
2591,0.2258469259723965,797,180,0,0,1323,
2592,0.22556390977443608,798,180,1,0,1324,
2593,0.22596754057428214,801,181,3,1,1328,
2594,0.22540473225404734,803,181,2,0,1329,
2595,0.2263681592039801,804,182,1,1,1330,
2596,0.2263681592039801,804,182,0,0,1330,
2597,0.2263681592039801,804,182,0,0,1330,
2598,0.2263681592039801,804,182,0,0,1330,
2599,0.2263681592039801,804,182,0,0,1330,
2600,0.2263681592039801,804,182,0,0,1330,
2601,0.22704714640198512,806,183,2,1,1332,
2602,0.22704714640198512,806,183,0,0,1341,
2603,0.22676579925650558,807,183,1,0,1342,
2604,0.22772277227722773,808,184,1,1,1343,
2605,0.22772277227722773,808,184,0,0,1343,
2606,0.22772277227722773,808,184,0,0,1342,
2607,0.22772277227722773,808,184,0,0,1342,
2608,0.22772277227722773,808,184,0,0,1341,
2609,0.22772277227722773,808,184,0,0,1341,
2610,0.22772277227722773,808,184,0,0,1341,
2611,0.2271604938271605,810,184,2,0,1344,
2612,0.2271604938271605,810,184,0,0,1344,
2613,0.22688039457459927,811,184,1,0,1345,
2614,0.22688039457459927,811,184,0,0,1345,
2615,0.22660098522167488,812,184,1,0,1345,
2616,0.22632226322263221,813,184,1,0,1344,
2617,0.22604422604422605,814,184,1,0,1344,
2618,0.22604422604422605,814,184,0,0,1344,
2619,0.22604422604422605,814,184,0,0,1344,
2620,0.22604422604422605,814,184,0,0,1344,
2621,0.22576687116564417,815,184,1,0,1344,
2622,0.22576687116564417,815,184,0,0,1344,
2623,0.22493887530562348,818,184,3,0,1344,
2624,0.22466422466422467,819,184,1,0,1344,
2625,0.22466422466422467,819,184,0,0,1344,
2626,0.22466422466422467,819,184,0,0,1344,
2627,0.22466422466422467,819,184,0,0,1345,
2628,0.22466422466422467,819,184,0,0,1345,
2629,0.22330097087378642,824,184,5,0,1346,
2630,0.22289156626506024,830,185,6,1,1346,
2631,0.22208883553421369,833,185,3,0,1347,
2632,0.22208883553421369,833,185,0,0,1348,
2633,0.22182254196642687,834,185,1,0,1349,
