TriageAccuracy,

NaN,
NaN,
NaN,
NaN,
NaN,
NaN,
NaN,
NaN,
NaN,
NaN,
NaN,
NaN,
NaN,
NaN,
NaN,
NaN,
NaN,
NaN,
NaN,
NaN,
NaN,
NaN,
NaN,
NaN,
NaN,
NaN,
NaN,
NaN,
NaN,
NaN,
NaN,
NaN,
NaN,
NaN,
NaN,
NaN,
NaN,
NaN,
NaN,
NaN,
NaN,
NaN,
NaN,
NaN,
NaN,
NaN,
NaN,
NaN,
NaN,
NaN,
NaN,
NaN,
NaN,
NaN,
NaN,
NaN,
NaN,
NaN,
NaN,
NaN,
NaN,
NaN,
NaN,
NaN,
NaN,
NaN,
NaN,
NaN,
NaN,
NaN,
NaN,
NaN,
NaN,
NaN,
NaN,
0.0,
0.0,
0.0,
0.0,
0.0,
0.0,
0.0,
0.0,
0.0,
0.0,
0.0,
0.0,
0.0,
0.0,
0.0,
0.0,
0.0,
0.0,
0.0,
0.0,
0.0,
0.0,
0.0,
0.0,
0.0,
0.0,
0.0,
0.0,
0.0,
0.0,
0.0,
0.0,
0.0,
0.0,
0.0,
0.0,
0.0,
0.0,
0.0,
0.0,
0.0,
0.0,
0.0,
0.0,
0.0,
0.0,
0.0,
0.0,
0.0,
0.0,
0.0,
0.0,
0.0,
0.0,
0.0,
0.0,
0.0,
0.0,
0.0,
0.0,
0.0,
0.0,
0.0,
0.0,
0.0,
0.0,
0.0,
0.0,
0.0,
0.0,
0.0,
0.0,
0.0,
0.0,
0.0,
0.0,
0.0,
0.0,
0.0,
0.0,
0.0,
0.0,
0.0,
0.0,
0.0,
0.0,
0.0,
0.0,
0.0,
0.0,
0.0,
0.0,
0.0,
0.0,
0.0,
0.0,
0.0,
0.0,
0.0,
0.0,
0.0,
0.0,
0.0,
0.0,
0.0,
0.0,
0.0,
0.0,
0.0,
0.0,
0.0,
0.0,
0.0,
0.0,
0.0,
0.0,
0.0,
0.0,
0.0,
0.0,
0.0,
0.0,
0.0,
0.0,
0.0,
0.0,
0.0,
0.0,
0.0,
0.0,
0.0,
0.0,
0.0,
0.0,
0.0,
0.0,
0.0,
0.0,
0.0,
0.0,
0.0,
0.0,
0.0,
0.0,
0.0,
0.0,
0.0,
0.0,
0.0,
0.0,
0.0,
0.0,
0.0,
0.0,
0.0,
0.0,
0.0,
0.0,
0.0,
0.0,
0.0,
0.0,
0.0,
0.0,
0.0,
0.0,
0.0,
0.0,
0.0,
0.0,
0.0,
0.0,
0.0,
0.0,
0.0,
0.0,
0.0,
0.0,
0.0,
0.0,
0.0,
0.0,
0.0,
0.0,
0.0,
0.0,
0.0,
0.0,
0.0,
0.0,
0.0,
0.0,
0.0,
0.0,
0.0,
0.0,
0.0,
0.0,
0.0,
0.0,
0.0,
0.0,
0.0,
0.0,
0.0,
0.0,
0.0,
0.0,
0.0,
0.0,
0.0,
0.0,
0.0,
0.0,
0.0,
0.0,
0.0,
0.0,
0.0,
0.0,
0.0,
0.0,
0.0,
0.0,
0.0,
0.0,
0.0,
0.0,
0.0,
0.0,
0.0,
0.0,
0.0,
0.0,
0.0,
0.0,
0.0,
0.0,
0.0,
0.0,
0.0,
0.0,
0.0,
0.0,
0.0,
0.0,
0.0,
0.0,
0.0,
0.0,
0.0,
0.0,
0.0,
0.0,
0.0,
0.0,
0.0,
0.0,
0.0,
0.0,
0.0,
0.0,
0.0,
0.0,
0.0,
0.0,
0.0,
0.0,
0.0,
0.0,
0.0,
0.0,
0.0,
0.0,
0.0,
0.0,
0.0,
0.0,
0.0,
0.0,
0.0,
0.0,
0.0,
0.0,
0.0,
0.0,
0.0,
0.0,
0.0,
0.0,
0.0,
0.0,
0.0,
0.0,
0.0,
0.0,
0.0,
0.0,
0.0,
0.0,
0.0,
0.0,
0.0,
0.0,
0.0,
0.0,
0.0,
0.0,
0.0,
0.0,
0.0,
0.0,
0.0,
0.0,
0.0,
0.0,
0.0,
0.0,
0.0,
0.0,
0.0,
0.0,
0.0,
0.0,
0.0,
0.0,
0.0,
0.0,
0.0,
0.0,
0.0,
0.0,
0.0,
0.0,
0.0,
0.0,
0.0,
0.0,
0.0,
0.0,
0.0,
0.0,
0.0,
0.0,
0.0,
0.0,
0.0,
0.02857142857142857,
0.027777777777777776,
0.05,
0.05,
0.05,
0.05,
0.08888888888888889,
0.08888888888888889,
0.08888888888888889,
0.08888888888888889,
0.08888888888888889,
0.08695652173913043,
0.08695652173913043,
0.08163265306122448,
0.08,
0.07692307692307693,
0.07692307692307693,
0.07692307692307693,
0.07692307692307693,
0.07692307692307693,
0.10714285714285714,
0.10714285714285714,
0.10714285714285714,
0.10714285714285714,
0.10714285714285714,
0.10714285714285714,
0.10714285714285714,
0.10714285714285714,
0.10714285714285714,
0.10714285714285714,
0.10526315789473684,
0.10526315789473684,
0.11864406779661017,
0.11666666666666667,
0.12903225806451613,
0.12903225806451613,
0.125,
0.125,
0.125,
0.125,
0.125,
0.12307692307692308,
0.12307692307692308,
0.12307692307692308,
0.12307692307692308,
0.12307692307692308,
0.11940298507462686,
0.11940298507462686,
0.11764705882352941,
0.11764705882352941,
0.12857142857142856,
0.125,
0.125,
0.125,
0.11688311688311688,
0.11688311688311688,
0.11688311688311688,
0.11688311688311688,
0.11688311688311688,
0.11688311688311688,
0.11688311688311688,
0.11688311688311688,
0.11688311688311688,
0.11688311688311688,
0.11688311688311688,
0.11688311688311688,
0.11688311688311688,
0.11688311688311688,
0.11688311688311688,
0.11538461538461539,
0.11392405063291139,
0.1125,
0.1125,
0.14285714285714285,
0.1411764705882353,
0.13636363636363635,
0.13636363636363635,
0.13636363636363635,
0.13043478260869565,
0.13043478260869565,
0.13043478260869565,
0.13043478260869565,
0.13043478260869565,
0.1276595744680851,
0.1276595744680851,
0.1276595744680851,
0.1276595744680851,
0.1276595744680851,
0.1276595744680851,
0.1276595744680851,
0.1276595744680851,
0.1276595744680851,
0.1276595744680851,
0.1276595744680851,
0.12631578947368421,
0.12631578947368421,
0.12631578947368421,
0.13402061855670103,
0.13402061855670103,
0.13402061855670103,
0.1326530612244898,
0.1326530612244898,
0.13,
0.12871287128712872,
0.12745098039215685,
