Revision,AggregateAccuracy,TotalPredictions,CorrectPredictions,TotalPredictionsPerRevision,CorrectPredictionsPreRevision,NumberOfWorkItems,

1,NaN,0,0,0,0,0,
2,NaN,0,0,0,0,0,
3,NaN,0,0,0,0,0,
4,NaN,0,0,0,0,0,
5,NaN,0,0,0,0,0,
6,NaN,0,0,0,0,0,
7,NaN,0,0,0,0,0,
8,NaN,0,0,0,0,0,
9,NaN,0,0,0,0,0,
10,NaN,0,0,0,0,0,
11,NaN,0,0,0,0,0,
12,NaN,0,0,0,0,0,
13,NaN,0,0,0,0,0,
14,NaN,0,0,0,0,0,
15,NaN,0,0,0,0,0,
16,NaN,0,0,0,0,0,
17,NaN,0,0,0,0,0,
18,NaN,0,0,0,0,0,
19,NaN,0,0,0,0,0,
20,NaN,0,0,0,0,0,
21,NaN,0,0,0,0,0,
22,NaN,0,0,0,0,0,
23,NaN,0,0,0,0,0,
24,NaN,0,0,0,0,0,
25,NaN,0,0,0,0,0,
26,NaN,0,0,0,0,0,
27,NaN,0,0,0,0,0,
28,NaN,0,0,0,0,0,
29,NaN,0,0,0,0,0,
30,NaN,0,0,0,0,0,
31,NaN,0,0,0,0,0,
32,NaN,0,0,0,0,0,
33,NaN,0,0,0,0,0,
34,NaN,0,0,0,0,0,
35,NaN,0,0,0,0,0,
36,NaN,0,0,0,0,0,
37,NaN,0,0,0,0,0,
38,NaN,0,0,0,0,0,
39,NaN,0,0,0,0,0,
40,NaN,0,0,0,0,0,
41,NaN,0,0,0,0,0,
42,NaN,0,0,0,0,0,
43,NaN,0,0,0,0,0,
44,NaN,0,0,0,0,0,
45,NaN,0,0,0,0,0,
46,NaN,0,0,0,0,0,
47,NaN,0,0,0,0,0,
48,NaN,0,0,0,0,0,
49,NaN,0,0,0,0,0,
50,NaN,0,0,0,0,0,
51,NaN,0,0,0,0,0,
52,NaN,0,0,0,0,0,
53,NaN,0,0,0,0,0,
54,NaN,0,0,0,0,0,
55,NaN,0,0,0,0,0,
56,NaN,0,0,0,0,0,
57,NaN,0,0,0,0,0,
58,NaN,0,0,0,0,0,
59,NaN,0,0,0,0,0,
60,NaN,0,0,0,0,0,
61,NaN,0,0,0,0,0,
62,NaN,0,0,0,0,0,
63,NaN,0,0,0,0,0,
64,NaN,0,0,0,0,0,
65,NaN,0,0,0,0,0,
66,NaN,0,0,0,0,0,
67,NaN,0,0,0,0,0,
68,NaN,0,0,0,0,0,
69,NaN,0,0,0,0,0,
70,NaN,0,0,0,0,0,
71,NaN,0,0,0,0,0,
72,NaN,0,0,0,0,0,
73,NaN,0,0,0,0,0,
74,NaN,0,0,0,0,0,
75,NaN,0,0,0,0,0,
76,NaN,0,0,0,0,0,
77,NaN,0,0,0,0,0,
78,NaN,0,0,0,0,0,
79,NaN,0,0,0,0,0,
80,NaN,0,0,0,0,0,
81,NaN,0,0,0,0,0,
82,NaN,0,0,0,0,0,
83,NaN,0,0,0,0,0,
84,NaN,0,0,0,0,0,
85,NaN,0,0,0,0,0,
86,NaN,0,0,0,0,0,
87,NaN,0,0,0,0,0,
88,NaN,0,0,0,0,0,
89,NaN,0,0,0,0,0,
90,NaN,0,0,0,0,0,
91,NaN,0,0,0,0,0,
92,NaN,0,0,0,0,0,
93,NaN,0,0,0,0,0,
94,NaN,0,0,0,0,0,
95,NaN,0,0,0,0,0,
96,NaN,0,0,0,0,0,
97,NaN,0,0,0,0,0,
98,NaN,0,0,0,0,0,
99,NaN,0,0,0,0,0,
100,NaN,0,0,0,0,0,
101,NaN,0,0,0,0,0,
102,NaN,0,0,0,0,0,
103,NaN,0,0,0,0,0,
104,NaN,0,0,0,0,0,
105,NaN,0,0,0,0,0,
106,NaN,0,0,0,0,0,
107,NaN,0,0,0,0,0,
108,NaN,0,0,0,0,0,
109,NaN,0,0,0,0,0,
110,NaN,0,0,0,0,0,
111,NaN,0,0,0,0,0,
112,NaN,0,0,0,0,0,
113,NaN,0,0,0,0,0,
114,NaN,0,0,0,0,0,
115,NaN,0,0,0,0,0,
116,NaN,0,0,0,0,0,
117,NaN,0,0,0,0,0,
118,NaN,0,0,0,0,0,
119,NaN,0,0,0,0,0,
120,NaN,0,0,0,0,0,
121,NaN,0,0,0,0,0,
122,NaN,0,0,0,0,0,
123,NaN,0,0,0,0,0,
124,NaN,0,0,0,0,0,
125,NaN,0,0,0,0,0,
126,NaN,0,0,0,0,0,
127,NaN,0,0,0,0,0,
128,NaN,0,0,0,0,0,
129,NaN,0,0,0,0,0,
130,NaN,0,0,0,0,0,
131,NaN,0,0,0,0,0,
132,NaN,0,0,0,0,0,
133,NaN,0,0,0,0,0,
134,NaN,0,0,0,0,0,
135,NaN,0,0,0,0,0,
136,NaN,0,0,0,0,0,
137,NaN,0,0,0,0,0,
138,NaN,0,0,0,0,0,
139,NaN,0,0,0,0,0,
140,NaN,0,0,0,0,0,
141,NaN,0,0,0,0,0,
142,NaN,0,0,0,0,0,
143,NaN,0,0,0,0,0,
144,NaN,0,0,0,0,0,
145,NaN,0,0,0,0,0,
146,NaN,0,0,0,0,0,
147,NaN,0,0,0,0,0,
148,NaN,0,0,0,0,0,
149,NaN,0,0,0,0,0,
150,NaN,0,0,0,0,0,
151,NaN,0,0,0,0,0,
152,NaN,0,0,0,0,0,
153,NaN,0,0,0,0,0,
154,NaN,0,0,0,0,0,
155,NaN,0,0,0,0,0,
156,NaN,0,0,0,0,0,
157,NaN,0,0,0,0,0,
158,NaN,0,0,0,0,0,
159,NaN,0,0,0,0,0,
160,NaN,0,0,0,0,0,
161,NaN,0,0,0,0,0,
162,NaN,0,0,0,0,0,
163,NaN,0,0,0,0,0,
164,NaN,0,0,0,0,0,
165,NaN,0,0,0,0,0,
166,NaN,0,0,0,0,0,
167,NaN,0,0,0,0,0,
168,NaN,0,0,0,0,0,
169,NaN,0,0,0,0,0,
170,NaN,0,0,0,0,0,
171,NaN,0,0,0,0,0,
172,NaN,0,0,0,0,0,
173,NaN,0,0,0,0,0,
174,NaN,0,0,0,0,0,
175,NaN,0,0,0,0,0,
176,NaN,0,0,0,0,0,
177,NaN,0,0,0,0,0,
178,NaN,0,0,0,0,0,
179,NaN,0,0,0,0,0,
180,NaN,0,0,0,0,0,
181,NaN,0,0,0,0,0,
182,NaN,0,0,0,0,0,
183,NaN,0,0,0,0,0,
184,NaN,0,0,0,0,0,
185,NaN,0,0,0,0,0,
186,NaN,0,0,0,0,0,
187,NaN,0,0,0,0,0,
188,NaN,0,0,0,0,0,
189,NaN,0,0,0,0,0,
190,NaN,0,0,0,0,0,
191,NaN,0,0,0,0,0,
192,NaN,0,0,0,0,0,
193,NaN,0,0,0,0,0,
194,NaN,0,0,0,0,0,
195,NaN,0,0,0,0,0,
196,NaN,0,0,0,0,0,
197,NaN,0,0,0,0,0,
198,NaN,0,0,0,0,0,
199,NaN,0,0,0,0,0,
200,NaN,0,0,0,0,0,
201,NaN,0,0,0,0,0,
202,NaN,0,0,0,0,0,
203,NaN,0,0,0,0,0,
204,NaN,0,0,0,0,0,
205,NaN,0,0,0,0,0,
206,NaN,0,0,0,0,0,
207,NaN,0,0,0,0,0,
208,NaN,0,0,0,0,0,
209,NaN,0,0,0,0,0,
210,NaN,0,0,0,0,0,
211,NaN,0,0,0,0,0,
212,NaN,0,0,0,0,0,
213,NaN,0,0,0,0,0,
214,NaN,0,0,0,0,0,
215,NaN,0,0,0,0,0,
216,NaN,0,0,0,0,0,
217,NaN,0,0,0,0,0,
218,NaN,0,0,0,0,0,
219,NaN,0,0,0,0,0,
220,NaN,0,0,0,0,0,
221,NaN,0,0,0,0,0,
222,NaN,0,0,0,0,0,
223,NaN,0,0,0,0,0,
224,NaN,0,0,0,0,0,
225,NaN,0,0,0,0,0,
226,NaN,0,0,0,0,0,
227,NaN,0,0,0,0,0,
228,NaN,0,0,0,0,0,
229,NaN,0,0,0,0,0,
230,NaN,0,0,0,0,0,
231,NaN,0,0,0,0,0,
232,NaN,0,0,0,0,0,
233,NaN,0,0,0,0,0,
234,NaN,0,0,0,0,0,
235,NaN,0,0,0,0,0,
236,NaN,0,0,0,0,0,
237,NaN,0,0,0,0,0,
238,NaN,0,0,0,0,0,
239,NaN,0,0,0,0,0,
240,NaN,0,0,0,0,0,
241,NaN,0,0,0,0,0,
242,NaN,0,0,0,0,0,
243,NaN,0,0,0,0,0,
244,NaN,0,0,0,0,0,
245,NaN,0,0,0,0,0,
246,NaN,0,0,0,0,0,
247,NaN,0,0,0,0,0,
248,NaN,0,0,0,0,0,
249,NaN,0,0,0,0,0,
250,NaN,0,0,0,0,0,
251,NaN,0,0,0,0,0,
252,NaN,0,0,0,0,0,
253,NaN,0,0,0,0,0,
254,NaN,0,0,0,0,0,
255,NaN,0,0,0,0,0,
256,NaN,0,0,0,0,0,
257,NaN,0,0,0,0,0,
258,NaN,0,0,0,0,0,
259,NaN,0,0,0,0,0,
260,NaN,0,0,0,0,0,
261,NaN,0,0,0,0,0,
262,NaN,0,0,0,0,0,
263,NaN,0,0,0,0,0,
264,NaN,0,0,0,0,0,
265,NaN,0,0,0,0,0,
266,NaN,0,0,0,0,0,
267,NaN,0,0,0,0,0,
268,NaN,0,0,0,0,0,
269,NaN,0,0,0,0,0,
270,NaN,0,0,0,0,0,
271,NaN,0,0,0,0,0,
272,NaN,0,0,0,0,0,
273,NaN,0,0,0,0,0,
274,NaN,0,0,0,0,0,
275,NaN,0,0,0,0,0,
276,NaN,0,0,0,0,0,
277,NaN,0,0,0,0,0,
278,NaN,0,0,0,0,0,
279,NaN,0,0,0,0,0,
280,NaN,0,0,0,0,0,
281,NaN,0,0,0,0,0,
282,NaN,0,0,0,0,0,
283,NaN,0,0,0,0,0,
284,NaN,0,0,0,0,0,
285,NaN,0,0,0,0,0,
286,NaN,0,0,0,0,0,
287,NaN,0,0,0,0,0,
288,NaN,0,0,0,0,0,
289,NaN,0,0,0,0,0,
290,NaN,0,0,0,0,0,
291,NaN,0,0,0,0,0,
292,NaN,0,0,0,0,0,
293,NaN,0,0,0,0,0,
294,NaN,0,0,0,0,0,
295,NaN,0,0,0,0,0,
296,NaN,0,0,0,0,0,
297,NaN,0,0,0,0,0,
298,NaN,0,0,0,0,0,
299,NaN,0,0,0,0,0,
300,NaN,0,0,0,0,0,
301,NaN,0,0,0,0,0,
302,NaN,0,0,0,0,0,
303,NaN,0,0,0,0,0,
304,NaN,0,0,0,0,0,
305,NaN,0,0,0,0,0,
306,NaN,0,0,0,0,0,
307,NaN,0,0,0,0,0,
308,NaN,0,0,0,0,0,
309,NaN,0,0,0,0,0,
310,NaN,0,0,0,0,0,
311,NaN,0,0,0,0,0,
312,NaN,0,0,0,0,0,
313,NaN,0,0,0,0,0,
314,NaN,0,0,0,0,0,
315,NaN,0,0,0,0,0,
316,NaN,0,0,0,0,0,
317,NaN,0,0,0,0,0,
318,NaN,0,0,0,0,0,
319,NaN,0,0,0,0,0,
320,NaN,0,0,0,0,0,
321,NaN,0,0,0,0,0,
322,NaN,0,0,0,0,0,
323,NaN,0,0,0,0,0,
324,NaN,0,0,0,0,0,
325,NaN,0,0,0,0,0,
326,NaN,0,0,0,0,0,
327,NaN,0,0,0,0,0,
328,NaN,0,0,0,0,0,
329,NaN,0,0,0,0,0,
330,NaN,0,0,0,0,0,
331,NaN,0,0,0,0,0,
332,NaN,0,0,0,0,0,
333,NaN,0,0,0,0,0,
334,NaN,0,0,0,0,0,
335,NaN,0,0,0,0,0,
336,NaN,0,0,0,0,0,
337,NaN,0,0,0,0,0,
338,NaN,0,0,0,0,0,
339,NaN,0,0,0,0,0,
340,NaN,0,0,0,0,0,
341,NaN,0,0,0,0,0,
342,NaN,0,0,0,0,0,
343,NaN,0,0,0,0,0,
344,NaN,0,0,0,0,0,
345,NaN,0,0,0,0,0,
346,NaN,0,0,0,0,0,
347,NaN,0,0,0,0,0,
348,NaN,0,0,0,0,0,
349,NaN,0,0,0,0,0,
350,NaN,0,0,0,0,0,
351,NaN,0,0,0,0,0,
352,NaN,0,0,0,0,0,
353,NaN,0,0,0,0,0,
354,NaN,0,0,0,0,0,
355,NaN,0,0,0,0,0,
356,NaN,0,0,0,0,0,
357,NaN,0,0,0,0,0,
358,NaN,0,0,0,0,0,
359,NaN,0,0,0,0,0,
360,NaN,0,0,0,0,0,
361,NaN,0,0,0,0,0,
362,NaN,0,0,0,0,0,
363,NaN,0,0,0,0,0,
364,NaN,0,0,0,0,0,
365,NaN,0,0,0,0,0,
366,NaN,0,0,0,0,0,
367,NaN,0,0,0,0,0,
368,NaN,0,0,0,0,0,
369,NaN,0,0,0,0,0,
370,NaN,0,0,0,0,0,
371,NaN,0,0,0,0,0,
372,NaN,0,0,0,0,0,
373,NaN,0,0,0,0,0,
374,NaN,0,0,0,0,0,
375,NaN,0,0,0,0,0,
376,NaN,0,0,0,0,0,
377,NaN,0,0,0,0,0,
378,NaN,0,0,0,0,0,
379,NaN,0,0,0,0,0,
380,NaN,0,0,0,0,0,
381,NaN,0,0,0,0,0,
382,NaN,0,0,0,0,0,
383,NaN,0,0,0,0,0,
384,NaN,0,0,0,0,0,
385,NaN,0,0,0,0,0,
386,NaN,0,0,0,0,0,
387,NaN,0,0,0,0,0,
388,NaN,0,0,0,0,0,
389,NaN,0,0,0,0,0,
390,NaN,0,0,0,0,0,
391,NaN,0,0,0,0,0,
392,NaN,0,0,0,0,0,
393,NaN,0,0,0,0,0,
394,NaN,0,0,0,0,0,
395,NaN,0,0,0,0,0,
396,NaN,0,0,0,0,0,
397,NaN,0,0,0,0,0,
398,NaN,0,0,0,0,0,
399,NaN,0,0,0,0,0,
400,NaN,0,0,0,0,0,
401,NaN,0,0,0,0,0,
402,NaN,0,0,0,0,0,
403,NaN,0,0,0,0,0,
404,NaN,0,0,0,0,0,
405,NaN,0,0,0,0,0,
406,NaN,0,0,0,0,0,
407,NaN,0,0,0,0,0,
408,NaN,0,0,0,0,0,
409,NaN,0,0,0,0,0,
410,NaN,0,0,0,0,0,
411,NaN,0,0,0,0,0,
412,NaN,0,0,0,0,0,
413,NaN,0,0,0,0,0,
414,NaN,0,0,0,0,0,
415,NaN,0,0,0,0,0,
416,NaN,0,0,0,0,0,
417,NaN,0,0,0,0,0,
418,NaN,0,0,0,0,0,
419,NaN,0,0,0,0,0,
420,NaN,0,0,0,0,0,
421,NaN,0,0,0,0,0,
422,NaN,0,0,0,0,0,
423,NaN,0,0,0,0,0,
424,NaN,0,0,0,0,0,
425,NaN,0,0,0,0,0,
426,NaN,0,0,0,0,0,
427,NaN,0,0,0,0,0,
428,NaN,0,0,0,0,0,
429,NaN,0,0,0,0,0,
430,NaN,0,0,0,0,0,
431,NaN,0,0,0,0,0,
432,NaN,0,0,0,0,0,
433,NaN,0,0,0,0,0,
434,NaN,0,0,0,0,0,
435,NaN,0,0,0,0,0,
436,NaN,0,0,0,0,0,
437,NaN,0,0,0,0,0,
438,NaN,0,0,0,0,0,
439,NaN,0,0,0,0,0,
440,NaN,0,0,0,0,0,
441,NaN,0,0,0,0,0,
442,NaN,0,0,0,0,0,
443,NaN,0,0,0,0,0,
444,NaN,0,0,0,0,0,
445,NaN,0,0,0,0,0,
446,NaN,0,0,0,0,0,
447,NaN,0,0,0,0,0,
448,NaN,0,0,0,0,0,
449,NaN,0,0,0,0,0,
450,NaN,0,0,0,0,0,
451,NaN,0,0,0,0,0,
452,NaN,0,0,0,0,0,
453,NaN,0,0,0,0,0,
454,NaN,0,0,0,0,0,
455,NaN,0,0,0,0,0,
456,NaN,0,0,0,0,0,
457,NaN,0,0,0,0,0,
458,NaN,0,0,0,0,0,
459,NaN,0,0,0,0,0,
460,NaN,0,0,0,0,0,
461,NaN,0,0,0,0,0,
462,NaN,0,0,0,0,0,
463,NaN,0,0,0,0,0,
464,NaN,0,0,0,0,0,
465,NaN,0,0,0,0,0,
466,NaN,0,0,0,0,0,
467,NaN,0,0,0,0,0,
468,NaN,0,0,0,0,0,
469,NaN,0,0,0,0,0,
470,NaN,0,0,0,0,0,
471,NaN,0,0,0,0,0,
472,NaN,0,0,0,0,0,
473,NaN,0,0,0,0,0,
474,NaN,0,0,0,0,0,
475,NaN,0,0,0,0,0,
476,NaN,0,0,0,0,0,
477,NaN,0,0,0,0,0,
478,NaN,0,0,0,0,0,
479,NaN,0,0,0,0,0,
480,NaN,0,0,0,0,0,
481,NaN,0,0,0,0,0,
482,NaN,0,0,0,0,0,
483,NaN,0,0,0,0,0,
484,NaN,0,0,0,0,0,
485,NaN,0,0,0,0,0,
486,NaN,0,0,0,0,0,
487,NaN,0,0,0,0,0,
488,NaN,0,0,0,0,0,
489,NaN,0,0,0,0,0,
490,NaN,0,0,0,0,0,
491,NaN,0,0,0,0,0,
492,NaN,0,0,0,0,0,
493,NaN,0,0,0,0,0,
494,NaN,0,0,0,0,0,
495,NaN,0,0,0,0,0,
496,NaN,0,0,0,0,0,
497,NaN,0,0,0,0,0,
498,NaN,0,0,0,0,0,
499,NaN,0,0,0,0,0,
500,NaN,0,0,0,0,0,
501,NaN,0,0,0,0,0,
502,NaN,0,0,0,0,0,
503,NaN,0,0,0,0,0,
504,NaN,0,0,0,0,0,
505,NaN,0,0,0,0,0,
506,NaN,0,0,0,0,0,
507,NaN,0,0,0,0,0,
508,NaN,0,0,0,0,0,
509,NaN,0,0,0,0,0,
510,NaN,0,0,0,0,0,
511,NaN,0,0,0,0,0,
512,NaN,0,0,0,0,0,
513,NaN,0,0,0,0,0,
514,NaN,0,0,0,0,0,
515,NaN,0,0,0,0,0,
516,NaN,0,0,0,0,0,
517,NaN,0,0,0,0,0,
518,NaN,0,0,0,0,0,
519,NaN,0,0,0,0,0,
520,NaN,0,0,0,0,0,
521,NaN,0,0,0,0,0,
522,NaN,0,0,0,0,0,
523,NaN,0,0,0,0,0,
524,NaN,0,0,0,0,0,
525,NaN,0,0,0,0,0,
526,NaN,0,0,0,0,0,
527,NaN,0,0,0,0,0,
528,NaN,0,0,0,0,0,
529,NaN,0,0,0,0,0,
530,NaN,0,0,0,0,0,
531,NaN,0,0,0,0,0,
532,NaN,0,0,0,0,0,
533,NaN,0,0,0,0,0,
534,NaN,0,0,0,0,0,
535,NaN,0,0,0,0,0,
536,NaN,0,0,0,0,0,
537,NaN,0,0,0,0,0,
538,NaN,0,0,0,0,0,
539,NaN,0,0,0,0,0,
540,NaN,0,0,0,0,0,
541,NaN,0,0,0,0,0,
542,NaN,0,0,0,0,0,
543,NaN,0,0,0,0,0,
544,NaN,0,0,0,0,0,
545,NaN,0,0,0,0,0,
546,NaN,0,0,0,0,0,
547,NaN,0,0,0,0,0,
548,NaN,0,0,0,0,0,
549,NaN,0,0,0,0,0,
550,NaN,0,0,0,0,0,
551,NaN,0,0,0,0,0,
552,NaN,0,0,0,0,0,
553,NaN,0,0,0,0,0,
554,NaN,0,0,0,0,0,
555,NaN,0,0,0,0,0,
556,NaN,0,0,0,0,0,
557,NaN,0,0,0,0,0,
558,NaN,0,0,0,0,0,
559,NaN,0,0,0,0,0,
560,NaN,0,0,0,0,0,
561,NaN,0,0,0,0,0,
562,NaN,0,0,0,0,0,
563,NaN,0,0,0,0,0,
564,NaN,0,0,0,0,0,
565,NaN,0,0,0,0,0,
566,NaN,0,0,0,0,0,
567,NaN,0,0,0,0,0,
568,NaN,0,0,0,0,0,
569,NaN,0,0,0,0,0,
570,NaN,0,0,0,0,0,
571,NaN,0,0,0,0,0,
572,NaN,0,0,0,0,0,
573,NaN,0,0,0,0,0,
574,NaN,0,0,0,0,0,
575,NaN,0,0,0,0,0,
576,NaN,0,0,0,0,0,
577,NaN,0,0,0,0,0,
578,NaN,0,0,0,0,0,
579,NaN,0,0,0,0,0,
580,NaN,0,0,0,0,0,
581,NaN,0,0,0,0,0,
582,NaN,0,0,0,0,0,
583,NaN,0,0,0,0,0,
584,NaN,0,0,0,0,0,
585,NaN,0,0,0,0,0,
586,NaN,0,0,0,0,0,
587,NaN,0,0,0,0,0,
588,NaN,0,0,0,0,0,
589,NaN,0,0,0,0,0,
590,NaN,0,0,0,0,0,
591,NaN,0,0,0,0,0,
592,NaN,0,0,0,0,0,
593,NaN,0,0,0,0,0,
594,NaN,0,0,0,0,0,
595,NaN,0,0,0,0,0,
596,NaN,0,0,0,0,0,
597,NaN,0,0,0,0,0,
598,NaN,0,0,0,0,0,
599,NaN,0,0,0,0,0,
600,NaN,0,0,0,0,0,
601,NaN,0,0,0,0,0,
602,NaN,0,0,0,0,0,
603,NaN,0,0,0,0,0,
604,NaN,0,0,0,0,0,
605,NaN,0,0,0,0,0,
606,NaN,0,0,0,0,0,
607,NaN,0,0,0,0,0,
608,NaN,0,0,0,0,0,
609,NaN,0,0,0,0,0,
610,NaN,0,0,0,0,0,
611,NaN,0,0,0,0,0,
612,NaN,0,0,0,0,0,
613,NaN,0,0,0,0,0,
614,NaN,0,0,0,0,0,
615,NaN,0,0,0,0,0,
616,NaN,0,0,0,0,0,
617,NaN,0,0,0,0,0,
618,NaN,0,0,0,0,0,
619,NaN,0,0,0,0,0,
620,NaN,0,0,0,0,0,
621,NaN,0,0,0,0,0,
622,NaN,0,0,0,0,0,
623,NaN,0,0,0,0,0,
624,NaN,0,0,0,0,0,
625,NaN,0,0,0,0,0,
626,NaN,0,0,0,0,0,
627,NaN,0,0,0,0,0,
628,NaN,0,0,0,0,0,
629,NaN,0,0,0,0,0,
630,NaN,0,0,0,0,0,
631,NaN,0,0,0,0,0,
632,NaN,0,0,0,0,0,
633,NaN,0,0,0,0,0,
634,NaN,0,0,0,0,0,
635,NaN,0,0,0,0,0,
636,NaN,0,0,0,0,0,
637,NaN,0,0,0,0,0,
638,NaN,0,0,0,0,0,
639,NaN,0,0,0,0,0,
640,NaN,0,0,0,0,0,
641,NaN,0,0,0,0,0,
642,NaN,0,0,0,0,0,
643,NaN,0,0,0,0,0,
644,NaN,0,0,0,0,0,
645,NaN,0,0,0,0,0,
646,NaN,0,0,0,0,0,
647,NaN,0,0,0,0,0,
648,NaN,0,0,0,0,0,
649,NaN,0,0,0,0,0,
650,NaN,0,0,0,0,0,
651,NaN,0,0,0,0,0,
652,NaN,0,0,0,0,0,
653,NaN,0,0,0,0,0,
654,NaN,0,0,0,0,0,
655,NaN,0,0,0,0,0,
656,NaN,0,0,0,0,0,
657,NaN,0,0,0,0,0,
658,NaN,0,0,0,0,0,
659,NaN,0,0,0,0,0,
660,NaN,0,0,0,0,0,
661,NaN,0,0,0,0,0,
662,NaN,0,0,0,0,0,
663,NaN,0,0,0,0,0,
664,NaN,0,0,0,0,0,
665,NaN,0,0,0,0,0,
666,NaN,0,0,0,0,0,
667,NaN,0,0,0,0,0,
668,NaN,0,0,0,0,0,
669,NaN,0,0,0,0,0,
670,NaN,0,0,0,0,0,
671,NaN,0,0,0,0,0,
672,NaN,0,0,0,0,0,
673,NaN,0,0,0,0,0,
674,NaN,0,0,0,0,0,
675,NaN,0,0,0,0,0,
676,NaN,0,0,0,0,0,
677,NaN,0,0,0,0,0,
678,NaN,0,0,0,0,0,
679,NaN,0,0,0,0,0,
680,NaN,0,0,0,0,0,
681,NaN,0,0,0,0,0,
682,NaN,0,0,0,0,0,
683,NaN,0,0,0,0,0,
684,NaN,0,0,0,0,0,
685,NaN,0,0,0,0,0,
686,NaN,0,0,0,0,0,
687,NaN,0,0,0,0,0,
688,NaN,0,0,0,0,0,
689,NaN,0,0,0,0,0,
690,NaN,0,0,0,0,0,
691,NaN,0,0,0,0,0,
692,NaN,0,0,0,0,0,
693,NaN,0,0,0,0,0,
694,NaN,0,0,0,0,0,
695,NaN,0,0,0,0,0,
696,NaN,0,0,0,0,0,
697,NaN,0,0,0,0,0,
698,NaN,0,0,0,0,0,
699,NaN,0,0,0,0,0,
700,NaN,0,0,0,0,0,
701,NaN,0,0,0,0,0,
702,NaN,0,0,0,0,0,
703,NaN,0,0,0,0,0,
704,NaN,0,0,0,0,0,
705,NaN,0,0,0,0,0,
706,NaN,0,0,0,0,0,
707,NaN,0,0,0,0,0,
708,NaN,0,0,0,0,0,
709,NaN,0,0,0,0,0,
710,NaN,0,0,0,0,0,
711,NaN,0,0,0,0,0,
712,NaN,0,0,0,0,0,
713,NaN,0,0,0,0,0,
714,NaN,0,0,0,0,0,
715,NaN,0,0,0,0,0,
716,NaN,0,0,0,0,0,
717,NaN,0,0,0,0,0,
718,NaN,0,0,0,0,0,
719,NaN,0,0,0,0,0,
720,NaN,0,0,0,0,0,
721,NaN,0,0,0,0,0,
722,NaN,0,0,0,0,0,
723,NaN,0,0,0,0,0,
724,NaN,0,0,0,0,0,
725,NaN,0,0,0,0,0,
726,NaN,0,0,0,0,0,
727,NaN,0,0,0,0,0,
728,NaN,0,0,0,0,0,
729,NaN,0,0,0,0,0,
730,NaN,0,0,0,0,0,
731,NaN,0,0,0,0,0,
732,NaN,0,0,0,0,0,
733,NaN,0,0,0,0,0,
734,NaN,0,0,0,0,0,
735,NaN,0,0,0,0,0,
736,NaN,0,0,0,0,0,
737,NaN,0,0,0,0,0,
738,NaN,0,0,0,0,0,
739,NaN,0,0,0,0,0,
740,NaN,0,0,0,0,0,
741,NaN,0,0,0,0,0,
742,NaN,0,0,0,0,0,
743,NaN,0,0,0,0,0,
744,NaN,0,0,0,0,0,
745,NaN,0,0,0,0,0,
746,NaN,0,0,0,0,0,
747,NaN,0,0,0,0,0,
748,NaN,0,0,0,0,0,
749,NaN,0,0,0,0,0,
750,NaN,0,0,0,0,0,
751,NaN,0,0,0,0,0,
752,NaN,0,0,0,0,0,
753,NaN,0,0,0,0,0,
754,NaN,0,0,0,0,0,
755,NaN,0,0,0,0,0,
756,NaN,0,0,0,0,0,
757,NaN,0,0,0,0,0,
758,NaN,0,0,0,0,0,
759,NaN,0,0,0,0,0,
760,NaN,0,0,0,0,0,
761,NaN,0,0,0,0,0,
762,NaN,0,0,0,0,0,
763,NaN,0,0,0,0,0,
764,NaN,0,0,0,0,0,
765,NaN,0,0,0,0,0,
766,NaN,0,0,0,0,0,
767,NaN,0,0,0,0,0,
768,NaN,0,0,0,0,0,
769,NaN,0,0,0,0,0,
770,NaN,0,0,0,0,0,
771,NaN,0,0,0,0,0,
772,NaN,0,0,0,0,0,
773,NaN,0,0,0,0,0,
774,NaN,0,0,0,0,0,
775,NaN,0,0,0,0,0,
776,NaN,0,0,0,0,0,
777,NaN,0,0,0,0,0,
778,NaN,0,0,0,0,0,
779,NaN,0,0,0,0,0,
780,NaN,0,0,0,0,0,
781,NaN,0,0,0,0,0,
782,NaN,0,0,0,0,0,
783,NaN,0,0,0,0,0,
784,NaN,0,0,0,0,0,
785,NaN,0,0,0,0,0,
786,NaN,0,0,0,0,0,
787,NaN,0,0,0,0,0,
788,NaN,0,0,0,0,0,
789,NaN,0,0,0,0,0,
790,NaN,0,0,0,0,0,
791,NaN,0,0,0,0,0,
792,NaN,0,0,0,0,0,
793,NaN,0,0,0,0,0,
794,NaN,0,0,0,0,0,
795,NaN,0,0,0,0,0,
796,NaN,0,0,0,0,0,
797,NaN,0,0,0,0,0,
798,NaN,0,0,0,0,0,
799,NaN,0,0,0,0,0,
800,NaN,0,0,0,0,0,
801,NaN,0,0,0,0,0,
802,NaN,0,0,0,0,0,
803,NaN,0,0,0,0,0,
804,NaN,0,0,0,0,0,
805,NaN,0,0,0,0,0,
806,NaN,0,0,0,0,0,
807,NaN,0,0,0,0,0,
808,NaN,0,0,0,0,0,
809,NaN,0,0,0,0,0,
810,NaN,0,0,0,0,0,
811,NaN,0,0,0,0,0,
812,NaN,0,0,0,0,0,
813,NaN,0,0,0,0,0,
814,NaN,0,0,0,0,0,
815,NaN,0,0,0,0,0,
816,NaN,0,0,0,0,0,
817,NaN,0,0,0,0,0,
818,NaN,0,0,0,0,0,
819,NaN,0,0,0,0,0,
820,NaN,0,0,0,0,0,
821,NaN,0,0,0,0,0,
822,NaN,0,0,0,0,0,
823,NaN,0,0,0,0,0,
824,NaN,0,0,0,0,0,
825,NaN,0,0,0,0,0,
826,NaN,0,0,0,0,0,
827,NaN,0,0,0,0,0,
828,NaN,0,0,0,0,0,
829,NaN,0,0,0,0,0,
830,NaN,0,0,0,0,0,
831,NaN,0,0,0,0,0,
832,NaN,0,0,0,0,0,
833,NaN,0,0,0,0,0,
834,NaN,0,0,0,0,0,
835,NaN,0,0,0,0,0,
836,NaN,0,0,0,0,0,
837,NaN,0,0,0,0,0,
838,NaN,0,0,0,0,0,
839,NaN,0,0,0,0,0,
840,NaN,0,0,0,0,0,
841,NaN,0,0,0,0,0,
842,NaN,0,0,0,0,0,
843,NaN,0,0,0,0,0,
844,NaN,0,0,0,0,0,
845,NaN,0,0,0,0,0,
846,NaN,0,0,0,0,0,
847,NaN,0,0,0,0,0,
848,NaN,0,0,0,0,0,
849,NaN,0,0,0,0,0,
850,NaN,0,0,0,0,0,
851,NaN,0,0,0,0,0,
852,NaN,0,0,0,0,0,
853,NaN,0,0,0,0,0,
854,NaN,0,0,0,0,0,
855,NaN,0,0,0,0,0,
856,NaN,0,0,0,0,0,
857,NaN,0,0,0,0,0,
858,NaN,0,0,0,0,0,
859,NaN,0,0,0,0,0,
860,NaN,0,0,0,0,0,
861,NaN,0,0,0,0,0,
862,NaN,0,0,0,0,0,
863,NaN,0,0,0,0,0,
864,NaN,0,0,0,0,0,
865,NaN,0,0,0,0,0,
866,NaN,0,0,0,0,0,
867,NaN,0,0,0,0,0,
868,NaN,0,0,0,0,0,
869,NaN,0,0,0,0,0,
870,NaN,0,0,0,0,0,
871,NaN,0,0,0,0,0,
872,NaN,0,0,0,0,0,
873,NaN,0,0,0,0,0,
874,NaN,0,0,0,0,0,
875,NaN,0,0,0,0,0,
876,NaN,0,0,0,0,0,
877,NaN,0,0,0,0,0,
878,NaN,0,0,0,0,0,
879,NaN,0,0,0,0,0,
880,NaN,0,0,0,0,0,
881,NaN,0,0,0,0,0,
882,NaN,0,0,0,0,0,
883,NaN,0,0,0,0,0,
884,NaN,0,0,0,0,0,
885,NaN,0,0,0,0,0,
886,NaN,0,0,0,0,0,
887,NaN,0,0,0,0,0,
888,NaN,0,0,0,0,0,
889,NaN,0,0,0,0,0,
890,NaN,0,0,0,0,0,
891,NaN,0,0,0,0,0,
892,NaN,0,0,0,0,0,
893,NaN,0,0,0,0,0,
894,NaN,0,0,0,0,0,
895,NaN,0,0,0,0,0,
896,NaN,0,0,0,0,0,
897,NaN,0,0,0,0,0,
898,NaN,0,0,0,0,0,
899,NaN,0,0,0,0,0,
900,NaN,0,0,0,0,0,
901,NaN,0,0,0,0,0,
902,NaN,0,0,0,0,0,
903,NaN,0,0,0,0,0,
904,NaN,0,0,0,0,0,
905,NaN,0,0,0,0,0,
906,NaN,0,0,0,0,0,
907,NaN,0,0,0,0,0,
908,NaN,0,0,0,0,0,
909,NaN,0,0,0,0,0,
910,NaN,0,0,0,0,0,
911,NaN,0,0,0,0,0,
912,NaN,0,0,0,0,0,
913,NaN,0,0,0,0,0,
914,NaN,0,0,0,0,0,
915,NaN,0,0,0,0,0,
916,NaN,0,0,0,0,0,
917,NaN,0,0,0,0,0,
918,NaN,0,0,0,0,0,
919,NaN,0,0,0,0,0,
920,NaN,0,0,0,0,0,
921,NaN,0,0,0,0,0,
922,NaN,0,0,0,0,0,
923,NaN,0,0,0,0,0,
924,NaN,0,0,0,0,0,
925,NaN,0,0,0,0,0,
926,NaN,0,0,0,0,0,
927,NaN,0,0,0,0,0,
928,NaN,0,0,0,0,0,
929,NaN,0,0,0,0,0,
930,NaN,0,0,0,0,0,
931,NaN,0,0,0,0,0,
932,NaN,0,0,0,0,0,
933,NaN,0,0,0,0,0,
934,NaN,0,0,0,0,0,
935,NaN,0,0,0,0,0,
936,NaN,0,0,0,0,0,
937,NaN,0,0,0,0,0,
938,NaN,0,0,0,0,0,
939,NaN,0,0,0,0,0,
940,NaN,0,0,0,0,0,
941,NaN,0,0,0,0,0,
942,NaN,0,0,0,0,0,
943,NaN,0,0,0,0,0,
944,NaN,0,0,0,0,0,
945,NaN,0,0,0,0,0,
946,NaN,0,0,0,0,0,
947,NaN,0,0,0,0,0,
948,NaN,0,0,0,0,0,
949,NaN,0,0,0,0,0,
950,NaN,0,0,0,0,0,
951,NaN,0,0,0,0,0,
952,NaN,0,0,0,0,0,
953,NaN,0,0,0,0,0,
954,NaN,0,0,0,0,0,
955,NaN,0,0,0,0,0,
956,NaN,0,0,0,0,0,
957,NaN,0,0,0,0,0,
958,NaN,0,0,0,0,0,
959,NaN,0,0,0,0,0,
960,NaN,0,0,0,0,0,
961,NaN,0,0,0,0,0,
962,NaN,0,0,0,0,0,
963,NaN,0,0,0,0,0,
964,NaN,0,0,0,0,0,
965,NaN,0,0,0,0,0,
966,NaN,0,0,0,0,0,
967,NaN,0,0,0,0,0,
968,NaN,0,0,0,0,0,
969,NaN,0,0,0,0,0,
970,NaN,0,0,0,0,0,
971,NaN,0,0,0,0,0,
972,NaN,0,0,0,0,0,
973,NaN,0,0,0,0,0,
974,NaN,0,0,0,0,0,
975,NaN,0,0,0,0,0,
976,NaN,0,0,0,0,0,
977,NaN,0,0,0,0,0,
978,NaN,0,0,0,0,0,
979,NaN,0,0,0,0,0,
980,NaN,0,0,0,0,0,
981,NaN,0,0,0,0,0,
982,NaN,0,0,0,0,0,
983,NaN,0,0,0,0,0,
984,NaN,0,0,0,0,0,
985,NaN,0,0,0,0,0,
986,NaN,0,0,0,0,0,
987,NaN,0,0,0,0,0,
988,NaN,0,0,0,0,0,
989,NaN,0,0,0,0,0,
990,NaN,0,0,0,0,0,
991,NaN,0,0,0,0,0,
992,NaN,0,0,0,0,0,
993,NaN,0,0,0,0,0,
994,NaN,0,0,0,0,0,
995,NaN,0,0,0,0,0,
996,NaN,0,0,0,0,0,
997,NaN,0,0,0,0,0,
998,NaN,0,0,0,0,0,
999,NaN,0,0,0,0,0,
1000,NaN,0,0,0,0,0,
1001,NaN,0,0,0,0,0,
1002,NaN,0,0,0,0,0,
1003,NaN,0,0,0,0,0,
1004,NaN,0,0,0,0,0,
1005,NaN,0,0,0,0,0,
1006,NaN,0,0,0,0,0,
1007,NaN,0,0,0,0,0,
1008,NaN,0,0,0,0,0,
1009,NaN,0,0,0,0,0,
1010,NaN,0,0,0,0,0,
1011,NaN,0,0,0,0,0,
1012,NaN,0,0,0,0,0,
1013,NaN,0,0,0,0,0,
1014,NaN,0,0,0,0,0,
1015,NaN,0,0,0,0,0,
1016,NaN,0,0,0,0,0,
1017,NaN,0,0,0,0,0,
1018,NaN,0,0,0,0,0,
1019,NaN,0,0,0,0,0,
1020,NaN,0,0,0,0,0,
1021,NaN,0,0,0,0,0,
1022,NaN,0,0,0,0,0,
1023,NaN,0,0,0,0,0,
1024,NaN,0,0,0,0,0,
1025,NaN,0,0,0,0,0,
1026,NaN,0,0,0,0,0,
1027,NaN,0,0,0,0,0,
1028,NaN,0,0,0,0,0,
1029,NaN,0,0,0,0,0,
1030,NaN,0,0,0,0,0,
1031,NaN,0,0,0,0,0,
1032,NaN,0,0,0,0,0,
1033,NaN,0,0,0,0,0,
1034,NaN,0,0,0,0,0,
1035,NaN,0,0,0,0,0,
1036,NaN,0,0,0,0,0,
1037,NaN,0,0,0,0,0,
1038,NaN,0,0,0,0,0,
1039,NaN,0,0,0,0,0,
1040,NaN,0,0,0,0,0,
1041,NaN,0,0,0,0,0,
1042,NaN,0,0,0,0,0,
1043,NaN,0,0,0,0,0,
1044,NaN,0,0,0,0,0,
1045,NaN,0,0,0,0,0,
1046,NaN,0,0,0,0,0,
1047,NaN,0,0,0,0,0,
1048,NaN,0,0,0,0,0,
1049,NaN,0,0,0,0,0,
1050,NaN,0,0,0,0,0,
1051,NaN,0,0,0,0,0,
1052,NaN,0,0,0,0,0,
1053,NaN,0,0,0,0,0,
1054,NaN,0,0,0,0,0,
1055,NaN,0,0,0,0,0,
1056,NaN,0,0,0,0,0,
1057,NaN,0,0,0,0,0,
1058,NaN,0,0,0,0,0,
1059,NaN,0,0,0,0,0,
1060,NaN,0,0,0,0,0,
1061,NaN,0,0,0,0,0,
1062,NaN,0,0,0,0,0,
1063,NaN,0,0,0,0,0,
1064,NaN,0,0,0,0,0,
1065,NaN,0,0,0,0,0,
1066,NaN,0,0,0,0,0,
1067,NaN,0,0,0,0,0,
1068,NaN,0,0,0,0,0,
1069,NaN,0,0,0,0,0,
1070,NaN,0,0,0,0,0,
1071,NaN,0,0,0,0,0,
1072,NaN,0,0,0,0,0,
1073,NaN,0,0,0,0,0,
1074,NaN,0,0,0,0,0,
1075,NaN,0,0,0,0,0,
1076,NaN,0,0,0,0,0,
1077,NaN,0,0,0,0,0,
1078,NaN,0,0,0,0,0,
1079,NaN,0,0,0,0,0,
1080,NaN,0,0,0,0,0,
1081,NaN,0,0,0,0,0,
1082,NaN,0,0,0,0,0,
1083,NaN,0,0,0,0,0,
1084,NaN,0,0,0,0,0,
1085,NaN,0,0,0,0,0,
1086,NaN,0,0,0,0,0,
1087,NaN,0,0,0,0,0,
1088,NaN,0,0,0,0,0,
1089,NaN,0,0,0,0,0,
1090,NaN,0,0,0,0,0,
1091,NaN,0,0,0,0,0,
1092,NaN,0,0,0,0,0,
1093,NaN,0,0,0,0,0,
1094,NaN,0,0,0,0,0,
1095,NaN,0,0,0,0,0,
1096,NaN,0,0,0,0,0,
1097,NaN,0,0,0,0,0,
1098,NaN,0,0,0,0,0,
1099,NaN,0,0,0,0,0,
1100,NaN,0,0,0,0,0,
1101,NaN,0,0,0,0,0,
1102,NaN,0,0,0,0,0,
1103,NaN,0,0,0,0,0,
1104,NaN,0,0,0,0,0,
1105,NaN,0,0,0,0,0,
1106,NaN,0,0,0,0,0,
1107,NaN,0,0,0,0,0,
1108,NaN,0,0,0,0,0,
1109,NaN,0,0,0,0,0,
1110,NaN,0,0,0,0,0,
1111,NaN,0,0,0,0,0,
1112,NaN,0,0,0,0,0,
1113,NaN,0,0,0,0,0,
1114,NaN,0,0,0,0,0,
1115,NaN,0,0,0,0,0,
1116,NaN,0,0,0,0,0,
1117,NaN,0,0,0,0,0,
1118,NaN,0,0,0,0,0,
1119,NaN,0,0,0,0,0,
1120,NaN,0,0,0,0,0,
1121,NaN,0,0,0,0,0,
1122,NaN,0,0,0,0,0,
1123,NaN,0,0,0,0,0,
1124,NaN,0,0,0,0,0,
1125,NaN,0,0,0,0,0,
1126,NaN,0,0,0,0,0,
1127,NaN,0,0,0,0,0,
1128,NaN,0,0,0,0,0,
1129,NaN,0,0,0,0,0,
1130,NaN,0,0,0,0,0,
1131,NaN,0,0,0,0,0,
1132,NaN,0,0,0,0,0,
1133,NaN,0,0,0,0,0,
1134,NaN,0,0,0,0,0,
1135,NaN,0,0,0,0,0,
1136,NaN,0,0,0,0,0,
1137,NaN,0,0,0,0,0,
1138,NaN,0,0,0,0,0,
1139,NaN,0,0,0,0,0,
1140,NaN,0,0,0,0,0,
1141,NaN,0,0,0,0,0,
1142,NaN,0,0,0,0,0,
1143,NaN,0,0,0,0,0,
1144,NaN,0,0,0,0,0,
1145,NaN,0,0,0,0,0,
1146,NaN,0,0,0,0,0,
1147,NaN,0,0,0,0,0,
1148,NaN,0,0,0,0,0,
1149,NaN,0,0,0,0,0,
1150,NaN,0,0,0,0,0,
1151,NaN,0,0,0,0,0,
1152,NaN,0,0,0,0,0,
1153,NaN,0,0,0,0,0,
1154,NaN,0,0,0,0,0,
1155,NaN,0,0,0,0,0,
1156,NaN,0,0,0,0,0,
1157,NaN,0,0,0,0,0,
1158,NaN,0,0,0,0,0,
1159,NaN,0,0,0,0,0,
1160,NaN,0,0,0,0,0,
1161,NaN,0,0,0,0,0,
1162,NaN,0,0,0,0,0,
1163,NaN,0,0,0,0,0,
1164,NaN,0,0,0,0,0,
1165,NaN,0,0,0,0,0,
1166,NaN,0,0,0,0,0,
1167,NaN,0,0,0,0,0,
1168,NaN,0,0,0,0,0,
1169,NaN,0,0,0,0,0,
1170,NaN,0,0,0,0,0,
1171,NaN,0,0,0,0,0,
1172,NaN,0,0,0,0,0,
1173,NaN,0,0,0,0,0,
1174,NaN,0,0,0,0,0,
1175,NaN,0,0,0,0,0,
1176,NaN,0,0,0,0,0,
1177,NaN,0,0,0,0,0,
1178,NaN,0,0,0,0,0,
1179,NaN,0,0,0,0,0,
1180,NaN,0,0,0,0,0,
1181,NaN,0,0,0,0,0,
1182,NaN,0,0,0,0,0,
1183,NaN,0,0,0,0,0,
1184,NaN,0,0,0,0,0,
1185,NaN,0,0,0,0,0,
1186,NaN,0,0,0,0,0,
1187,NaN,0,0,0,0,0,
1188,NaN,0,0,0,0,0,
1189,NaN,0,0,0,0,0,
1190,NaN,0,0,0,0,0,
1191,NaN,0,0,0,0,0,
1192,NaN,0,0,0,0,0,
1193,NaN,0,0,0,0,0,
1194,NaN,0,0,0,0,0,
1195,NaN,0,0,0,0,0,
1196,NaN,0,0,0,0,0,
1197,NaN,0,0,0,0,0,
1198,NaN,0,0,0,0,0,
1199,NaN,0,0,0,0,0,
1200,NaN,0,0,0,0,0,
1201,NaN,0,0,0,0,0,
1202,NaN,0,0,0,0,0,
1203,NaN,0,0,0,0,0,
1204,NaN,0,0,0,0,0,
1205,NaN,0,0,0,0,0,
1206,NaN,0,0,0,0,0,
1207,NaN,0,0,0,0,0,
1208,NaN,0,0,0,0,0,
1209,NaN,0,0,0,0,0,
1210,NaN,0,0,0,0,0,
1211,NaN,0,0,0,0,0,
1212,NaN,0,0,0,0,0,
1213,NaN,0,0,0,0,0,
1214,NaN,0,0,0,0,0,
1215,NaN,0,0,0,0,0,
1216,NaN,0,0,0,0,0,
1217,NaN,0,0,0,0,0,
1218,NaN,0,0,0,0,0,
1219,NaN,0,0,0,0,0,
1220,NaN,0,0,0,0,0,
1221,NaN,0,0,0,0,0,
1222,NaN,0,0,0,0,0,
1223,NaN,0,0,0,0,0,
1224,NaN,0,0,0,0,0,
1225,NaN,0,0,0,0,0,
1226,NaN,0,0,0,0,0,
1227,NaN,0,0,0,0,0,
1228,NaN,0,0,0,0,0,
1229,NaN,0,0,0,0,0,
1230,NaN,0,0,0,0,0,
1231,NaN,0,0,0,0,0,
1232,NaN,0,0,0,0,0,
1233,NaN,0,0,0,0,0,
1234,NaN,0,0,0,0,0,
1235,NaN,0,0,0,0,0,
1236,NaN,0,0,0,0,0,
1237,NaN,0,0,0,0,0,
1238,NaN,0,0,0,0,0,
1239,NaN,0,0,0,0,0,
1240,NaN,0,0,0,0,0,
1241,NaN,0,0,0,0,0,
1242,NaN,0,0,0,0,0,
1243,NaN,0,0,0,0,0,
1244,NaN,0,0,0,0,0,
1245,NaN,0,0,0,0,0,
1246,NaN,0,0,0,0,0,
1247,NaN,0,0,0,0,0,
1248,NaN,0,0,0,0,0,
1249,NaN,0,0,0,0,0,
1250,NaN,0,0,0,0,0,
1251,NaN,0,0,0,0,0,
1252,NaN,0,0,0,0,0,
1253,NaN,0,0,0,0,0,
1254,NaN,0,0,0,0,0,
1255,NaN,0,0,0,0,0,
1256,NaN,0,0,0,0,0,
1257,NaN,0,0,0,0,0,
1258,NaN,0,0,0,0,0,
1259,NaN,0,0,0,0,0,
1260,NaN,0,0,0,0,0,
1261,NaN,0,0,0,0,0,
1262,NaN,0,0,0,0,0,
1263,NaN,0,0,0,0,0,
1264,NaN,0,0,0,0,0,
1265,NaN,0,0,0,0,0,
1266,NaN,0,0,0,0,0,
1267,NaN,0,0,0,0,0,
1268,NaN,0,0,0,0,0,
1269,NaN,0,0,0,0,0,
1270,NaN,0,0,0,0,0,
1271,NaN,0,0,0,0,0,
1272,NaN,0,0,0,0,0,
1273,NaN,0,0,0,0,0,
1274,NaN,0,0,0,0,0,
1275,NaN,0,0,0,0,0,
1276,NaN,0,0,0,0,0,
1277,NaN,0,0,0,0,0,
1278,NaN,0,0,0,0,0,
1279,NaN,0,0,0,0,0,
1280,NaN,0,0,0,0,0,
1281,NaN,0,0,0,0,0,
1282,NaN,0,0,0,0,0,
1283,NaN,0,0,0,0,0,
1284,NaN,0,0,0,0,0,
1285,NaN,0,0,0,0,0,
1286,NaN,0,0,0,0,0,
1287,NaN,0,0,0,0,0,
1288,NaN,0,0,0,0,0,
1289,NaN,0,0,0,0,0,
1290,NaN,0,0,0,0,0,
1291,NaN,0,0,0,0,0,
1292,NaN,0,0,0,0,0,
1293,NaN,0,0,0,0,0,
1294,NaN,0,0,0,0,0,
1295,NaN,0,0,0,0,0,
1296,NaN,0,0,0,0,0,
1297,NaN,0,0,0,0,0,
1298,NaN,0,0,0,0,0,
1299,NaN,0,0,0,0,0,
1300,NaN,0,0,0,0,0,
1301,NaN,0,0,0,0,0,
1302,NaN,0,0,0,0,0,
1303,NaN,0,0,0,0,0,
1304,NaN,0,0,0,0,0,
1305,NaN,0,0,0,0,0,
1306,NaN,0,0,0,0,0,
1307,NaN,0,0,0,0,0,
1308,NaN,0,0,0,0,0,
1309,NaN,0,0,0,0,0,
1310,NaN,0,0,0,0,0,
1311,NaN,0,0,0,0,0,
1312,NaN,0,0,0,0,0,
1313,0.3333333333333333,3,1,3,1,766,
1314,0.3333333333333333,3,1,0,0,766,
1315,0.4,5,2,2,1,766,
1316,0.4,5,2,0,0,766,
1317,0.4,5,2,0,0,766,
1318,0.4,5,2,0,0,766,
1319,0.4,5,2,0,0,766,
1320,0.4,5,2,0,0,766,
1321,0.4,5,2,0,0,766,
1322,0.42857142857142855,7,3,2,1,769,
1323,0.42857142857142855,7,3,0,0,769,
1324,0.375,8,3,1,0,770,
1325,0.375,8,3,0,0,770,
1326,0.375,8,3,0,0,770,
1327,0.375,8,3,0,0,770,
1328,0.375,8,3,0,0,770,
1329,0.375,8,3,0,0,770,
1330,0.375,8,3,0,0,770,
1331,0.375,8,3,0,0,770,
1332,0.375,8,3,0,0,770,
1333,0.375,8,3,0,0,770,
1334,0.38461538461538464,13,5,5,2,771,
1335,0.38461538461538464,13,5,0,0,771,
1336,0.4666666666666667,15,7,2,2,773,
1337,0.4666666666666667,15,7,0,0,773,
1338,0.4666666666666667,15,7,0,0,773,
1339,0.4666666666666667,15,7,0,0,773,
1340,0.4666666666666667,15,7,0,0,773,
1341,0.4666666666666667,15,7,0,0,773,
1342,0.4666666666666667,15,7,0,0,773,
1343,0.4666666666666667,15,7,0,0,773,
1344,0.4666666666666667,15,7,0,0,773,
1345,0.4666666666666667,15,7,0,0,773,
1346,0.5,16,8,1,1,774,
1347,0.5,18,9,2,1,776,
1348,0.5,18,9,0,0,776,
1349,0.5,18,9,0,0,776,
1350,0.5,20,10,2,1,776,
1351,0.43478260869565216,23,10,3,0,779,
1352,0.39285714285714285,28,11,5,1,782,
1353,0.39285714285714285,28,11,0,0,782,
1354,0.3793103448275862,29,11,1,0,783,
1355,0.36666666666666664,30,11,1,0,784,
1356,0.36666666666666664,30,11,0,0,784,
1357,0.36666666666666664,30,11,0,0,784,
1358,0.36666666666666664,30,11,0,0,784,
1359,0.36666666666666664,30,11,0,0,784,
1360,0.36666666666666664,30,11,0,0,784,
1361,0.36666666666666664,30,11,0,0,784,
1362,0.36666666666666664,30,11,0,0,784,
1363,0.36666666666666664,30,11,0,0,784,
1364,0.36666666666666664,30,11,0,0,784,
1365,0.36666666666666664,30,11,0,0,784,
1366,0.36666666666666664,30,11,0,0,784,
1367,0.36666666666666664,30,11,0,0,784,
1368,0.3548387096774194,31,11,1,0,796,
1369,0.36363636363636365,33,12,2,1,798,
1370,0.36363636363636365,33,12,0,0,798,
1371,0.3333333333333333,36,12,3,0,799,
1372,0.34146341463414637,41,14,5,2,799,
1373,0.34146341463414637,41,14,0,0,799,
1374,0.3333333333333333,42,14,1,0,799,
1375,0.3409090909090909,44,15,2,1,799,
1376,0.3409090909090909,44,15,0,0,799,
1377,0.3409090909090909,44,15,0,0,799,
1378,0.3409090909090909,44,15,0,0,799,
1379,0.3409090909090909,44,15,0,0,799,
1380,0.33962264150943394,53,18,9,3,803,
1381,0.32727272727272727,55,18,2,0,803,
1382,0.3333333333333333,57,19,2,1,803,
1383,0.3333333333333333,57,19,0,0,803,
1384,0.3275862068965517,58,19,1,0,804,
1385,0.3275862068965517,58,19,0,0,804,
1386,0.3387096774193548,62,21,4,2,804,
1387,0.3333333333333333,63,21,1,0,804,
1388,0.328125,64,21,1,0,804,
1389,0.3181818181818182,66,21,2,0,804,
1390,0.3181818181818182,66,21,0,0,804,
1391,0.3235294117647059,68,22,2,1,804,
1392,0.3235294117647059,68,22,0,0,804,
1393,0.3235294117647059,68,22,0,0,804,
1394,0.3235294117647059,68,22,0,0,804,
1395,0.3235294117647059,68,22,0,0,804,
1396,0.3235294117647059,68,22,0,0,804,
1397,0.32857142857142857,70,23,2,1,803,
1398,0.32857142857142857,70,23,0,0,803,
1399,0.32857142857142857,70,23,0,0,803,
1400,0.323943661971831,71,23,1,0,804,
1401,0.3150684931506849,73,23,2,0,805,
1402,0.3150684931506849,73,23,0,0,805,
1403,0.3150684931506849,73,23,0,0,805,
1404,0.3150684931506849,73,23,0,0,805,
1405,0.3150684931506849,73,23,0,0,805,
1406,0.3150684931506849,73,23,0,0,805,
1407,0.3150684931506849,73,23,0,0,805,
1408,0.3150684931506849,73,23,0,0,805,
1409,0.3150684931506849,73,23,0,0,805,
1410,0.3150684931506849,73,23,0,0,805,
1411,0.3150684931506849,73,23,0,0,805,
1412,0.3150684931506849,73,23,0,0,805,
1413,0.3150684931506849,73,23,0,0,805,
1414,0.3150684931506849,73,23,0,0,805,
1415,0.3150684931506849,73,23,0,0,805,
1416,0.3150684931506849,73,23,0,0,805,
1417,0.3150684931506849,73,23,0,0,805,
1418,0.3150684931506849,73,23,0,0,805,
1419,0.3150684931506849,73,23,0,0,805,
1420,0.3150684931506849,73,23,0,0,805,
1421,0.3150684931506849,73,23,0,0,805,
1422,0.3150684931506849,73,23,0,0,805,
1423,0.3150684931506849,73,23,0,0,805,
1424,0.3150684931506849,73,23,0,0,805,
1425,0.3150684931506849,73,23,0,0,805,
1426,0.3150684931506849,73,23,0,0,805,
1427,0.3150684931506849,73,23,0,0,805,
1428,0.3108108108108108,74,23,1,0,808,
1429,0.3108108108108108,74,23,0,0,808,
1430,0.3108108108108108,74,23,0,0,808,
1431,0.3108108108108108,74,23,0,0,808,
1432,0.30666666666666664,75,23,1,0,811,
1433,0.30666666666666664,75,23,0,0,811,
1434,0.3157894736842105,76,24,1,1,813,
1435,0.3157894736842105,76,24,0,0,813,
1436,0.3157894736842105,76,24,0,0,813,
1437,0.3246753246753247,77,25,1,1,815,
1438,0.32051282051282054,78,25,1,0,817,
1439,0.3291139240506329,79,26,1,1,818,
1440,0.3291139240506329,79,26,0,0,818,
1441,0.3291139240506329,79,26,0,0,818,
1442,0.3291139240506329,79,26,0,0,818,
1443,0.3291139240506329,79,26,0,0,818,
1444,0.3291139240506329,79,26,0,0,818,
1445,0.3291139240506329,79,26,0,0,818,
1446,0.3291139240506329,79,26,0,0,818,
1447,0.3291139240506329,79,26,0,0,818,
1448,0.3291139240506329,79,26,0,0,818,
1449,0.3291139240506329,79,26,0,0,818,
1450,0.325,80,26,1,0,820,
1451,0.325,80,26,0,0,820,
1452,0.325,80,26,0,0,820,
1453,0.3333333333333333,81,27,1,1,821,
1454,0.3333333333333333,81,27,0,0,821,
1455,0.32926829268292684,82,27,1,0,822,
1456,0.32926829268292684,82,27,0,0,822,
1457,0.32926829268292684,82,27,0,0,822,
1458,0.32926829268292684,82,27,0,0,822,
1459,0.32926829268292684,82,27,0,0,822,
1460,0.32926829268292684,82,27,0,0,822,
1461,0.32926829268292684,82,27,0,0,822,
1462,0.32926829268292684,82,27,0,0,822,
1463,0.32926829268292684,82,27,0,0,822,
1464,0.32926829268292684,82,27,0,0,822,
1465,0.32926829268292684,82,27,0,0,822,
1466,0.32926829268292684,82,27,0,0,822,
1467,0.32926829268292684,82,27,0,0,822,
1468,0.32926829268292684,82,27,0,0,822,
1469,0.32926829268292684,82,27,0,0,822,
1470,0.32926829268292684,82,27,0,0,822,
1471,0.32926829268292684,82,27,0,0,822,
1472,0.32926829268292684,82,27,0,0,822,
1473,0.3253012048192771,83,27,1,0,823,
1474,0.3253012048192771,83,27,0,0,823,
1475,0.3253012048192771,83,27,0,0,823,
1476,0.3253012048192771,83,27,0,0,823,
1477,0.3253012048192771,83,27,0,0,823,
1478,0.3253012048192771,83,27,0,0,823,
1479,0.3253012048192771,83,27,0,0,823,
1480,0.3253012048192771,83,27,0,0,823,
1481,0.3253012048192771,83,27,0,0,823,
1482,0.3253012048192771,83,27,0,0,823,
1483,0.3253012048192771,83,27,0,0,823,
1484,0.3253012048192771,83,27,0,0,823,
1485,0.3253012048192771,83,27,0,0,823,
1486,0.3253012048192771,83,27,0,0,823,
1487,0.3253012048192771,83,27,0,0,823,
1488,0.3253012048192771,83,27,0,0,823,
1489,0.3253012048192771,83,27,0,0,823,
1490,0.3253012048192771,83,27,0,0,823,
1491,0.3253012048192771,83,27,0,0,823,
1492,0.3253012048192771,83,27,0,0,823,
1493,0.3253012048192771,83,27,0,0,823,
1494,0.3253012048192771,83,27,0,0,823,
1495,0.3253012048192771,83,27,0,0,823,
1496,0.3253012048192771,83,27,0,0,823,
1497,0.3253012048192771,83,27,0,0,823,
1498,0.3253012048192771,83,27,0,0,823,
1499,0.3253012048192771,83,27,0,0,823,
1500,0.3253012048192771,83,27,0,0,823,
1501,0.3253012048192771,83,27,0,0,823,
1502,0.3253012048192771,83,27,0,0,823,
1503,0.3253012048192771,83,27,0,0,823,
1504,0.3253012048192771,83,27,0,0,823,
1505,0.3253012048192771,83,27,0,0,823,
1506,0.3253012048192771,83,27,0,0,823,
1507,0.3253012048192771,83,27,0,0,823,
1508,0.3253012048192771,83,27,0,0,823,
1509,0.32142857142857145,84,27,1,0,826,
1510,0.32142857142857145,84,27,0,0,826,
1511,0.32142857142857145,84,27,0,0,826,
1512,0.32142857142857145,84,27,0,0,826,
1513,0.32142857142857145,84,27,0,0,826,
1514,0.32142857142857145,84,27,0,0,826,
1515,0.32142857142857145,84,27,0,0,826,
1516,0.32142857142857145,84,27,0,0,826,
1517,0.32142857142857145,84,27,0,0,826,
1518,0.32941176470588235,85,28,1,1,819,
1519,0.32941176470588235,85,28,0,0,819,
1520,0.32558139534883723,86,28,1,0,820,
1521,0.32558139534883723,86,28,0,0,820,
1522,0.32558139534883723,86,28,0,0,820,
1523,0.32558139534883723,86,28,0,0,820,
1524,0.32558139534883723,86,28,0,0,820,
1525,0.32558139534883723,86,28,0,0,820,
1526,0.32558139534883723,86,28,0,0,820,
1527,0.32558139534883723,86,28,0,0,820,
1528,0.32558139534883723,86,28,0,0,820,
1529,0.32558139534883723,86,28,0,0,820,
1530,0.32558139534883723,86,28,0,0,820,
1531,0.32558139534883723,86,28,0,0,820,
1532,0.32558139534883723,86,28,0,0,820,
1533,0.32558139534883723,86,28,0,0,820,
1534,0.32558139534883723,86,28,0,0,820,
1535,0.3218390804597701,87,28,1,0,821,
1536,0.32954545454545453,88,29,1,1,822,
1537,0.3258426966292135,89,29,1,0,823,
1538,0.3333333333333333,90,30,1,1,824,
1539,0.32967032967032966,91,30,1,0,825,
1540,0.32608695652173914,92,30,1,0,826,
1541,0.3229166666666667,96,31,4,1,829,
1542,0.3229166666666667,96,31,0,0,829,
1543,0.31958762886597936,97,31,1,0,829,
1544,0.31958762886597936,97,31,0,0,829,
1545,0.31958762886597936,97,31,0,0,829,
1546,0.31958762886597936,97,31,0,0,829,
1547,0.31958762886597936,97,31,0,0,829,
1548,0.3163265306122449,98,31,1,0,830,
1549,0.3163265306122449,98,31,0,0,830,
1550,0.3163265306122449,98,31,0,0,830,
1551,0.3163265306122449,98,31,0,0,830,
1552,0.3163265306122449,98,31,0,0,830,
1553,0.3163265306122449,98,31,0,0,830,
1554,0.3069306930693069,101,31,3,0,830,
1555,0.3069306930693069,101,31,0,0,830,
1556,0.30097087378640774,103,31,2,0,830,
1557,0.30097087378640774,103,31,0,0,830,
1558,0.30097087378640774,103,31,0,0,830,
1559,0.30097087378640774,103,31,0,0,830,
1560,0.2980769230769231,104,31,1,0,830,
1561,0.2980769230769231,104,31,0,0,830,
1562,0.29523809523809524,105,31,1,0,829,
1563,0.29523809523809524,105,31,0,0,829,
1564,0.29523809523809524,105,31,0,0,829,
1565,0.29523809523809524,105,31,0,0,829,
1566,0.3018867924528302,106,32,1,1,831,
1567,0.3018867924528302,106,32,0,0,831,
1568,0.2962962962962963,108,32,2,0,834,
1569,0.2962962962962963,108,32,0,0,834,
1570,0.2962962962962963,108,32,0,0,834,
1571,0.2962962962962963,108,32,0,0,834,
1572,0.2909090909090909,110,32,2,0,835,
1573,0.2909090909090909,110,32,0,0,835,
1574,0.2909090909090909,110,32,0,0,835,
1575,0.2909090909090909,110,32,0,0,835,
1576,0.2909090909090909,110,32,0,0,835,
1577,0.2882882882882883,111,32,1,0,834,
1578,0.2882882882882883,111,32,0,0,834,
1579,0.2882882882882883,111,32,0,0,834,
1580,0.2882882882882883,111,32,0,0,834,
1581,0.2882882882882883,111,32,0,0,834,
1582,0.2882882882882883,111,32,0,0,834,
1583,0.2882882882882883,111,32,0,0,834,
1584,0.2882882882882883,111,32,0,0,834,
1585,0.2882882882882883,111,32,0,0,834,
1586,0.2882882882882883,111,32,0,0,834,
1587,0.2857142857142857,112,32,1,0,834,
1588,0.2857142857142857,112,32,0,0,834,
1589,0.2857142857142857,112,32,0,0,834,
1590,0.2857142857142857,112,32,0,0,834,
1591,0.2857142857142857,112,32,0,0,834,
1592,0.2857142857142857,112,32,0,0,834,
1593,0.2857142857142857,112,32,0,0,834,
1594,0.2857142857142857,112,32,0,0,834,
1595,0.2857142857142857,112,32,0,0,834,
1596,0.2831858407079646,113,32,1,0,835,
1597,0.2831858407079646,113,32,0,0,835,
1598,0.2831858407079646,113,32,0,0,835,
1599,0.2831858407079646,113,32,0,0,835,
1600,0.2831858407079646,113,32,0,0,835,
1601,0.2831858407079646,113,32,0,0,835,
1602,0.2831858407079646,113,32,0,0,835,
1603,0.2831858407079646,113,32,0,0,835,
1604,0.2831858407079646,113,32,0,0,835,
1605,0.2831858407079646,113,32,0,0,835,
1606,0.2831858407079646,113,32,0,0,835,
1607,0.2831858407079646,113,32,0,0,835,
1608,0.2831858407079646,113,32,0,0,835,
1609,0.2831858407079646,113,32,0,0,835,
1610,0.2831858407079646,113,32,0,0,835,
1611,0.2831858407079646,113,32,0,0,835,
1612,0.2831858407079646,113,32,0,0,835,
1613,0.2831858407079646,113,32,0,0,835,
1614,0.2831858407079646,113,32,0,0,835,
1615,0.2782608695652174,115,32,2,0,835,
1616,0.2782608695652174,115,32,0,0,835,
1617,0.2782608695652174,115,32,0,0,835,
1618,0.2916666666666667,120,35,5,3,835,
1619,0.2916666666666667,120,35,0,0,835,
1620,0.2975206611570248,121,36,1,1,835,
1621,0.2926829268292683,123,36,2,0,835,
1622,0.2926829268292683,123,36,0,0,835,
1623,0.2926829268292683,123,36,0,0,835,
1624,0.2926829268292683,123,36,0,0,835,
1625,0.2926829268292683,123,36,0,0,835,
1626,0.2926829268292683,123,36,0,0,835,
1627,0.2926829268292683,123,36,0,0,835,
1628,0.2903225806451613,124,36,1,0,837,
1629,0.2903225806451613,124,36,0,0,837,
1630,0.2903225806451613,124,36,0,0,837,
1631,0.2903225806451613,124,36,0,0,837,
1632,0.2903225806451613,124,36,0,0,837,
1633,0.2903225806451613,124,36,0,0,837,
1634,0.2903225806451613,124,36,0,0,837,
1635,0.288,125,36,1,0,836,
1636,0.288,125,36,0,0,836,
1637,0.288,125,36,0,0,836,
1638,0.288,125,36,0,0,836,
1639,0.288,125,36,0,0,836,
1640,0.29133858267716534,127,37,2,1,825,
1641,0.2890625,128,37,1,0,825,
1642,0.2890625,128,37,0,0,825,
1643,0.2890625,128,37,0,0,825,
1644,0.2890625,128,37,0,0,825,
1645,0.2890625,128,37,0,0,825,
1646,0.2890625,128,37,0,0,825,
1647,0.2890625,128,37,0,0,825,
1648,0.2890625,128,37,0,0,825,
1649,0.2890625,128,37,0,0,825,
1650,0.2890625,128,37,0,0,825,
1651,0.2890625,128,37,0,0,825,
1652,0.2890625,128,37,0,0,825,
1653,0.2890625,128,37,0,0,825,
1654,0.2868217054263566,129,37,1,0,827,
1655,0.2846153846153846,130,37,1,0,826,
1656,0.2846153846153846,130,37,0,0,826,
1657,0.2846153846153846,130,37,0,0,826,
1658,0.2846153846153846,130,37,0,0,826,
1659,0.2846153846153846,130,37,0,0,826,
1660,0.2846153846153846,130,37,0,0,826,
1661,0.2900763358778626,131,38,1,1,827,
1662,0.2878787878787879,132,38,1,0,828,
1663,0.2878787878787879,132,38,0,0,828,
1664,0.2878787878787879,132,38,0,0,828,
1665,0.2878787878787879,132,38,0,0,828,
1666,0.291044776119403,134,39,2,1,828,
1667,0.291044776119403,134,39,0,0,828,
1668,0.291044776119403,134,39,0,0,828,
1669,0.291044776119403,134,39,0,0,828,
1670,0.28888888888888886,135,39,1,0,828,
1671,0.2867647058823529,136,39,1,0,829,
1672,0.2867647058823529,136,39,0,0,829,
1673,0.2867647058823529,136,39,0,0,829,
1674,0.2867647058823529,136,39,0,0,829,
1675,0.2867647058823529,136,39,0,0,829,
1676,0.2867647058823529,136,39,0,0,829,
1677,0.2867647058823529,136,39,0,0,829,
1678,0.2867647058823529,136,39,0,0,829,
1679,0.2785714285714286,140,39,4,0,827,
1680,0.2765957446808511,141,39,1,0,827,
1681,0.2765957446808511,141,39,0,0,827,
1682,0.2746478873239437,142,39,1,0,827,
1683,0.2777777777777778,144,40,2,1,827,
1684,0.27586206896551724,145,40,1,0,828,
1685,0.2733333333333333,150,41,5,1,828,
1686,0.2733333333333333,150,41,0,0,828,
1687,0.2733333333333333,150,41,0,0,828,
1688,0.2781456953642384,151,42,1,1,830,
1689,0.2781456953642384,151,42,0,0,830,
1690,0.2781456953642384,151,42,0,0,830,
1691,0.2781456953642384,151,42,0,0,830,
1692,0.2781456953642384,151,42,0,0,830,
1693,0.27450980392156865,153,42,2,0,834,
1694,0.27450980392156865,153,42,0,0,834,
1695,0.27450980392156865,153,42,0,0,834,
1696,0.27450980392156865,153,42,0,0,834,
1697,0.27450980392156865,153,42,0,0,834,
1698,0.27450980392156865,153,42,0,0,834,
1699,0.27450980392156865,153,42,0,0,834,
1700,0.27450980392156865,153,42,0,0,834,
1701,0.27741935483870966,155,43,2,1,834,
1702,0.27741935483870966,155,43,0,0,834,
1703,0.27741935483870966,155,43,0,0,834,
1704,0.27741935483870966,155,43,0,0,834,
1705,0.27741935483870966,155,43,0,0,834,
1706,0.27741935483870966,155,43,0,0,834,
1707,0.27741935483870966,155,43,0,0,834,
1708,0.27741935483870966,155,43,0,0,834,
1709,0.27741935483870966,155,43,0,0,834,
1710,0.2721518987341772,158,43,3,0,841,
1711,0.2721518987341772,158,43,0,0,841,
1712,0.27672955974842767,159,44,1,1,842,
1713,0.27672955974842767,159,44,0,0,842,
1714,0.275,160,44,1,0,843,
1715,0.2732919254658385,161,44,1,0,844,
1716,0.2732919254658385,161,44,0,0,844,
1717,0.27439024390243905,164,45,3,1,847,
1718,0.27439024390243905,164,45,0,0,847,
1719,0.27439024390243905,164,45,0,0,847,
1720,0.2754491017964072,167,46,3,1,851,
1721,0.2781065088757396,169,47,2,1,851,
1722,0.2781065088757396,169,47,0,0,851,
1723,0.2781065088757396,169,47,0,0,851,
1724,0.2781065088757396,169,47,0,0,851,
1725,0.2781065088757396,169,47,0,0,851,
1726,0.28,175,49,6,2,853,
1727,0.2840909090909091,176,50,1,1,852,
1728,0.2840909090909091,176,50,0,0,852,
1729,0.2840909090909091,176,50,0,0,852,
1730,0.2840909090909091,176,50,0,0,852,
1731,0.2840909090909091,176,50,0,0,852,
1732,0.2840909090909091,176,50,0,0,852,
1733,0.2840909090909091,176,50,0,0,852,
1734,0.2840909090909091,176,50,0,0,852,
1735,0.2840909090909091,176,50,0,0,852,
1736,0.2840909090909091,176,50,0,0,852,
1737,0.2840909090909091,176,50,0,0,852,
1738,0.2840909090909091,176,50,0,0,852,
1739,0.2840909090909091,176,50,0,0,852,
1740,0.292817679558011,181,53,5,3,858,
1741,0.292817679558011,181,53,0,0,858,
1742,0.292817679558011,181,53,0,0,858,
1743,0.292817679558011,181,53,0,0,858,
1744,0.292817679558011,181,53,0,0,858,
1745,0.29120879120879123,182,53,1,0,857,
1746,0.29120879120879123,182,53,0,0,857,
1747,0.29411764705882354,187,55,5,2,857,
1748,0.2925531914893617,188,55,1,0,857,
1749,0.2925531914893617,188,55,0,0,857,
1750,0.2916666666666667,192,56,4,1,858,
1751,0.2923076923076923,195,57,3,1,861,
1752,0.29591836734693877,196,58,1,1,861,
1753,0.29292929292929293,198,58,2,0,861,
1754,0.2914572864321608,199,58,1,0,862,
1755,0.2914572864321608,199,58,0,0,862,
1756,0.2885572139303483,201,58,2,0,864,
1757,0.2885572139303483,201,58,0,0,864,
1758,0.29207920792079206,202,59,1,1,865,
1759,0.29207920792079206,202,59,0,0,865,
1760,0.29207920792079206,202,59,0,0,865,
1761,0.29207920792079206,202,59,0,0,865,
1762,0.29207920792079206,202,59,0,0,865,
1763,0.29207920792079206,202,59,0,0,865,
1764,0.29207920792079206,202,59,0,0,865,
1765,0.29207920792079206,202,59,0,0,865,
1766,0.29064039408866993,203,59,1,0,866,
1767,0.29064039408866993,203,59,0,0,866,
1768,0.29064039408866993,203,59,0,0,866,
1769,0.29064039408866993,203,59,0,0,866,
1770,0.29064039408866993,203,59,0,0,866,
1771,0.2926829268292683,205,60,2,1,868,
1772,0.2926829268292683,205,60,0,0,868,
1773,0.2926829268292683,205,60,0,0,868,
1774,0.2961165048543689,206,61,1,1,870,
1775,0.2961165048543689,206,61,0,0,870,
1776,0.2961165048543689,206,61,0,0,870,
1777,0.2961165048543689,206,61,0,0,870,
1778,0.2961165048543689,206,61,0,0,870,
1779,0.2961165048543689,206,61,0,0,870,
1780,0.30288461538461536,208,63,2,2,873,
1781,0.30288461538461536,208,63,0,0,873,
1782,0.30288461538461536,208,63,0,0,873,
1783,0.30288461538461536,208,63,0,0,873,
1784,0.30952380952380953,210,65,2,2,875,
1785,0.30952380952380953,210,65,0,0,875,
1786,0.30952380952380953,210,65,0,0,875,
1787,0.30660377358490565,212,65,2,0,880,
1788,0.3051643192488263,213,65,1,0,880,
1789,0.3037383177570093,214,65,1,0,881,
1790,0.30697674418604654,215,66,1,1,882,
1791,0.30697674418604654,215,66,0,0,882,
1792,0.30697674418604654,215,66,0,0,882,
1793,0.30697674418604654,215,66,0,0,882,
1794,0.30697674418604654,215,66,0,0,882,
1795,0.3055555555555556,216,66,1,0,884,
1796,0.3055555555555556,216,66,0,0,884,
1797,0.3055555555555556,216,66,0,0,884,
1798,0.3055555555555556,216,66,0,0,884,
1799,0.3055555555555556,216,66,0,0,884,
1800,0.30414746543778803,217,66,1,0,884,
1801,0.30414746543778803,217,66,0,0,884,
1802,0.30414746543778803,217,66,0,0,884,
1803,0.30414746543778803,217,66,0,0,884,
1804,0.30414746543778803,217,66,0,0,884,
1805,0.30414746543778803,217,66,0,0,884,
1806,0.30275229357798167,218,66,1,0,892,
1807,0.30275229357798167,218,66,0,0,892,
1808,0.30275229357798167,218,66,0,0,892,
1809,0.30275229357798167,218,66,0,0,892,
1810,0.30275229357798167,218,66,0,0,892,
1811,0.3,220,66,2,0,896,
1812,0.3,220,66,0,0,896,
1813,0.3,220,66,0,0,896,
1814,0.3,220,66,0,0,896,
1815,0.29596412556053814,223,66,3,0,897,
1816,0.2907488986784141,227,66,4,0,897,
1817,0.2907488986784141,227,66,0,0,897,
1818,0.2907488986784141,227,66,0,0,897,
1819,0.2907488986784141,227,66,0,0,897,
1820,0.2907488986784141,227,66,0,0,897,
1821,0.2907488986784141,227,66,0,0,897,
1822,0.2907488986784141,227,66,0,0,897,
1823,0.2894736842105263,228,66,1,0,898,
1824,0.28820960698689957,229,66,1,0,899,
1825,0.28820960698689957,229,66,0,0,899,
1826,0.2857142857142857,231,66,2,0,899,
1827,0.28448275862068967,232,66,1,0,900,
1828,0.28085106382978725,235,66,3,0,900,
1829,0.2796610169491525,236,66,1,0,900,
1830,0.2796610169491525,236,66,0,0,900,
1831,0.2796610169491525,236,66,0,0,900,
1832,0.2796610169491525,236,66,0,0,900,
1833,0.2796610169491525,236,66,0,0,900,
1834,0.28688524590163933,244,70,8,4,909,
1835,0.28688524590163933,244,70,0,0,909,
1836,0.2897959183673469,245,71,1,1,912,
1837,0.291497975708502,247,72,2,1,914,
1838,0.2903225806451613,248,72,1,0,916,
1839,0.2931726907630522,249,73,1,1,916,
1840,0.2931726907630522,249,73,0,0,916,
1841,0.2981132075471698,265,79,16,6,915,
1842,0.2981132075471698,265,79,0,0,915,
1843,0.2981132075471698,265,79,0,0,915,
1844,0.2936802973977695,269,79,4,0,915,
1845,0.2936802973977695,269,79,0,0,915,
1846,0.2936802973977695,269,79,0,0,915,
1847,0.2936802973977695,269,79,0,0,915,
1848,0.29259259259259257,270,79,1,0,916,
1849,0.2915129151291513,271,79,1,0,917,
1850,0.29454545454545455,275,81,4,2,921,
1851,0.29454545454545455,275,81,0,0,921,
1852,0.29454545454545455,275,81,0,0,921,
1853,0.29347826086956524,276,81,1,0,923,
1854,0.2924187725631769,277,81,1,0,924,
1855,0.2924187725631769,277,81,0,0,924,
1856,0.2924187725631769,277,81,0,0,924,
1857,0.2924187725631769,277,81,0,0,924,
1858,0.2924187725631769,277,81,0,0,924,
1859,0.2924187725631769,277,81,0,0,924,
1860,0.2924187725631769,277,81,0,0,924,
1861,0.2924187725631769,277,81,0,0,924,
1862,0.2924187725631769,277,81,0,0,924,
1863,0.2924187725631769,277,81,0,0,924,
1864,0.2924187725631769,277,81,0,0,924,
1865,0.2924187725631769,277,81,0,0,924,
1866,0.29136690647482016,278,81,1,0,926,
1867,0.29136690647482016,278,81,0,0,926,
1868,0.29136690647482016,278,81,0,0,926,
1869,0.2903225806451613,279,81,1,0,926,
1870,0.28825622775800713,281,81,2,0,927,
1871,0.2872340425531915,282,81,1,0,928,
1872,0.2872340425531915,282,81,0,0,928,
1873,0.2872340425531915,282,81,0,0,928,
1874,0.2872340425531915,282,81,0,0,928,
1875,0.2896551724137931,290,84,8,3,925,
1876,0.2910958904109589,292,85,2,1,923,
1877,0.2910958904109589,292,85,0,0,923,
1878,0.2910958904109589,292,85,0,0,923,
1879,0.2901023890784983,293,85,1,0,922,
1880,0.2901023890784983,293,85,0,0,922,
1881,0.2901023890784983,293,85,0,0,922,
1882,0.2891156462585034,294,85,1,0,930,
1883,0.2895622895622896,297,86,3,1,933,
1884,0.28859060402684567,298,86,1,0,933,
1885,0.28859060402684567,298,86,0,0,933,
1886,0.28859060402684567,298,86,0,0,933,
1887,0.28859060402684567,298,86,0,0,933,
1888,0.28859060402684567,298,86,0,0,933,
1889,0.28762541806020064,299,86,1,0,934,
1890,0.28762541806020064,299,86,0,0,934,
1891,0.29042904290429045,303,88,4,2,939,
1892,0.29042904290429045,303,88,0,0,939,
1893,0.29042904290429045,303,88,0,0,939,
1894,0.28852459016393445,305,88,2,0,941,
1895,0.28802588996763756,309,89,4,1,945,
1896,0.28802588996763756,309,89,0,0,945,
1897,0.2903225806451613,310,90,1,1,946,
1898,0.2903225806451613,310,90,0,0,946,
1899,0.2903225806451613,310,90,0,0,946,
1900,0.2903225806451613,310,90,0,0,946,
1901,0.2903225806451613,310,90,0,0,946,
1902,0.2903225806451613,310,90,0,0,946,
1903,0.2903225806451613,310,90,0,0,946,
1904,0.29260450160771706,311,91,1,1,951,
1905,0.29260450160771706,311,91,0,0,951,
1906,0.29260450160771706,311,91,0,0,951,
1907,0.29260450160771706,311,91,0,0,951,
1908,0.29073482428115016,313,91,2,0,956,
1909,0.29073482428115016,313,91,0,0,956,
1910,0.29073482428115016,313,91,0,0,956,
1911,0.29073482428115016,313,91,0,0,956,
1912,0.29073482428115016,313,91,0,0,956,
1913,0.29073482428115016,313,91,0,0,956,
1914,0.29073482428115016,313,91,0,0,956,
1915,0.29073482428115016,313,91,0,0,956,
1916,0.29073482428115016,313,91,0,0,956,
1917,0.2898089171974522,314,91,1,0,956,
1918,0.2898089171974522,314,91,0,0,956,
1919,0.2898089171974522,314,91,0,0,956,
1920,0.2902208201892745,317,92,3,1,956,
1921,0.2902208201892745,317,92,0,0,956,
1922,0.2884012539184953,319,92,2,0,958,
1923,0.2884012539184953,319,92,0,0,958,
1924,0.2884012539184953,319,92,0,0,958,
1925,0.2884012539184953,319,92,0,0,958,
1926,0.2884012539184953,319,92,0,0,958,
1927,0.2884012539184953,319,92,0,0,958,
1928,0.2884012539184953,319,92,0,0,958,
1929,0.2884012539184953,319,92,0,0,958,
1930,0.2884012539184953,319,92,0,0,958,
1931,0.2884012539184953,319,92,0,0,958,
1932,0.2884012539184953,319,92,0,0,958,
1933,0.2884012539184953,319,92,0,0,958,
1934,0.2884012539184953,319,92,0,0,958,
1935,0.2857142857142857,322,92,3,0,967,
1936,0.28792569659442724,323,93,1,1,968,
1937,0.28792569659442724,323,93,0,0,968,
1938,0.28703703703703703,324,93,1,0,969,
1939,0.290519877675841,327,95,3,2,974,
1940,0.2930513595166163,331,97,4,2,978,
1941,0.29429429429429427,333,98,2,1,977,
1942,0.29429429429429427,333,98,0,0,977,
1943,0.29429429429429427,333,98,0,0,977,
1944,0.29429429429429427,333,98,0,0,977,
1945,0.2955223880597015,335,99,2,1,976,
1946,0.2955223880597015,335,99,0,0,976,
1947,0.2955223880597015,335,99,0,0,976,
1948,0.2955223880597015,335,99,0,0,976,
1949,0.2955223880597015,335,99,0,0,976,
1950,0.2955223880597015,335,99,0,0,976,
1951,0.2976190476190476,336,100,1,1,978,
1952,0.2976190476190476,336,100,0,0,978,
1953,0.2976190476190476,336,100,0,0,978,
1954,0.2976190476190476,336,100,0,0,978,
1955,0.2976190476190476,336,100,0,0,978,
1956,0.2976190476190476,336,100,0,0,978,
1957,0.2976190476190476,336,100,0,0,978,
1958,0.2976190476190476,336,100,0,0,978,
1959,0.3,340,102,4,2,980,
1960,0.3,340,102,0,0,980,
1961,0.3,340,102,0,0,980,
1962,0.3023255813953488,344,104,4,2,984,
1963,0.30144927536231886,345,104,1,0,985,
1964,0.30144927536231886,345,104,0,0,985,
1965,0.30057803468208094,346,104,1,0,985,
1966,0.30057803468208094,346,104,0,0,985,
1967,0.30057803468208094,346,104,0,0,985,
1968,0.30057803468208094,346,104,0,0,985,
1969,0.2988505747126437,348,104,2,0,988,
1970,0.3,350,105,2,1,989,
1971,0.29829545454545453,352,105,2,0,990,
1972,0.29775280898876405,356,106,4,1,994,
1973,0.29775280898876405,356,106,0,0,994,
1974,0.3016759776536313,358,108,2,2,996,
1975,0.30362116991643456,359,109,1,1,997,
1976,0.30362116991643456,359,109,0,0,997,
1977,0.3055555555555556,360,110,1,1,998,
1978,0.3055555555555556,360,110,0,0,998,
1979,0.3055555555555556,360,110,0,0,998,
1980,0.3055555555555556,360,110,0,0,998,
1981,0.3055555555555556,360,110,0,0,998,
1982,0.3055555555555556,360,110,0,0,998,
1983,0.3055555555555556,360,110,0,0,998,
1984,0.3055555555555556,360,110,0,0,998,
1985,0.3055555555555556,360,110,0,0,998,
1986,0.3055555555555556,360,110,0,0,998,
1987,0.3055555555555556,360,110,0,0,998,
1988,0.3055555555555556,360,110,0,0,998,
1989,0.3055555555555556,360,110,0,0,998,
1990,0.3055555555555556,360,110,0,0,998,
1991,0.3055555555555556,360,110,0,0,998,
1992,0.3055555555555556,360,110,0,0,998,
1993,0.3074792243767313,361,111,1,1,1005,
1994,0.3074792243767313,361,111,0,0,1005,
1995,0.3074792243767313,361,111,0,0,1005,
1996,0.3074792243767313,361,111,0,0,1005,
1997,0.3074792243767313,361,111,0,0,1005,
1998,0.3074792243767313,361,111,0,0,1005,
1999,0.3074792243767313,361,111,0,0,1005,
2000,0.3074792243767313,361,111,0,0,1005,
2001,0.30517711171662126,367,112,6,1,1011,
2002,0.3035230352303523,369,112,2,0,1013,
2003,0.3035230352303523,369,112,0,0,1013,
2004,0.3035230352303523,369,112,0,0,1013,
2005,0.3035230352303523,369,112,0,0,1013,
2006,0.3035230352303523,369,112,0,0,1013,
2007,0.3035230352303523,369,112,0,0,1013,
2008,0.3035230352303523,369,112,0,0,1013,
2009,0.3054054054054054,370,113,1,1,1015,
2010,0.3045822102425876,371,113,1,0,1015,
2011,0.3045822102425876,371,113,0,0,1015,
2012,0.3045822102425876,371,113,0,0,1015,
2013,0.3064516129032258,372,114,1,1,1013,
2014,0.3064516129032258,372,114,0,0,1013,
2015,0.3064516129032258,372,114,0,0,1013,
2016,0.30831099195710454,373,115,1,1,1013,
2017,0.30831099195710454,373,115,0,0,1013,
2018,0.31016042780748665,374,116,1,1,1014,
2019,0.31016042780748665,374,116,0,0,1014,
2020,0.31016042780748665,374,116,0,0,1014,
2021,0.31016042780748665,374,116,0,0,1014,
2022,0.31016042780748665,374,116,0,0,1014,
2023,0.31016042780748665,374,116,0,0,1014,
2024,0.30933333333333335,375,116,1,0,1015,
2025,0.30933333333333335,375,116,0,0,1015,
2026,0.30933333333333335,375,116,0,0,1015,
2027,0.30933333333333335,375,116,0,0,1015,
2028,0.30933333333333335,375,116,0,0,1015,
2029,0.30933333333333335,375,116,0,0,1015,
2030,0.30933333333333335,375,116,0,0,1015,
2031,0.30687830687830686,378,116,3,0,1015,
2032,0.30606860158311344,379,116,1,0,1015,
2033,0.30526315789473685,380,116,1,0,1015,
2034,0.30526315789473685,380,116,0,0,1015,
2035,0.30446194225721784,381,116,1,0,1015,
2036,0.30446194225721784,381,116,0,0,1015,
2037,0.30446194225721784,381,116,0,0,1015,
2038,0.30446194225721784,381,116,0,0,1015,
2039,0.30446194225721784,381,116,0,0,1015,
2040,0.30446194225721784,381,116,0,0,1015,
2041,0.30446194225721784,381,116,0,0,1015,
2042,0.30446194225721784,381,116,0,0,1015,
2043,0.30446194225721784,381,116,0,0,1015,
2044,0.30446194225721784,381,116,0,0,1015,
2045,0.30446194225721784,381,116,0,0,1015,
2046,0.30446194225721784,381,116,0,0,1015,
2047,0.30446194225721784,381,116,0,0,1015,
2048,0.30446194225721784,381,116,0,0,1015,
2049,0.30446194225721784,381,116,0,0,1015,
2050,0.306282722513089,382,117,1,1,1015,
2051,0.306282722513089,382,117,0,0,1015,
2052,0.3072916666666667,384,118,2,1,1017,
2053,0.3072916666666667,384,118,0,0,1017,
2054,0.3072916666666667,384,118,0,0,1017,
2055,0.3072916666666667,384,118,0,0,1017,
2056,0.3072916666666667,384,118,0,0,1017,
2057,0.3072916666666667,384,118,0,0,1017,
2058,0.3072916666666667,384,118,0,0,1017,
2059,0.3072916666666667,384,118,0,0,1017,
2060,0.3064935064935065,385,118,1,0,1018,
2061,0.30569948186528495,386,118,1,0,1018,
2062,0.30569948186528495,386,118,0,0,1018,
2063,0.3049095607235142,387,118,1,0,1019,
2064,0.3049095607235142,387,118,0,0,1019,
2065,0.30412371134020616,388,118,1,0,1020,
2066,0.3033419023136247,389,118,1,0,1022,
2067,0.3033419023136247,389,118,0,0,1022,
2068,0.30434782608695654,391,119,2,1,1024,
2069,0.30357142857142855,392,119,1,0,1025,
2070,0.30279898218829515,393,119,1,0,1026,
2071,0.3020304568527919,394,119,1,0,1027,
2072,0.3020304568527919,394,119,0,0,1027,
2073,0.3020304568527919,394,119,0,0,1027,
2074,0.3020304568527919,394,119,0,0,1027,
2075,0.3020304568527919,394,119,0,0,1027,
2076,0.3032581453634085,399,121,5,2,1032,
2077,0.3032581453634085,399,121,0,0,1032,
2078,0.3032581453634085,399,121,0,0,1032,
2079,0.3032581453634085,399,121,0,0,1032,
2080,0.30198019801980197,404,122,5,1,1035,
2081,0.30198019801980197,404,122,0,0,1035,
2082,0.3012345679012346,405,122,1,0,1035,
2083,0.30049261083743845,406,122,1,0,1036,
2084,0.30049261083743845,406,122,0,0,1036,
2085,0.30073349633251834,409,123,3,1,1038,
2086,0.30073349633251834,409,123,0,0,1038,
2087,0.30339805825242716,412,125,3,2,1039,
2088,0.30339805825242716,412,125,0,0,1039,
2089,0.30339805825242716,412,125,0,0,1039,
2090,0.30339805825242716,412,125,0,0,1039,
2091,0.30339805825242716,412,125,0,0,1039,
2092,0.30339805825242716,412,125,0,0,1039,
2093,0.30339805825242716,412,125,0,0,1039,
2094,0.30339805825242716,412,125,0,0,1039,
2095,0.30339805825242716,412,125,0,0,1039,
2096,0.30339805825242716,412,125,0,0,1039,
2097,0.30339805825242716,412,125,0,0,1039,
2098,0.30339805825242716,412,125,0,0,1039,
2099,0.30339805825242716,412,125,0,0,1039,
2100,0.30339805825242716,412,125,0,0,1039,
2101,0.30339805825242716,412,125,0,0,1039,
2102,0.30193236714975846,414,125,2,0,1046,
2103,0.30193236714975846,414,125,0,0,1046,
2104,0.2997601918465228,417,125,3,0,1047,
2105,0.30071599045346065,419,126,2,1,1048,
2106,0.3049645390070922,423,129,4,3,1051,
2107,0.30660377358490565,424,130,1,1,1050,
2108,0.30660377358490565,424,130,0,0,1050,
2109,0.30660377358490565,424,130,0,0,1050,
2110,0.3062645011600928,431,132,7,2,1050,
2111,0.30787037037037035,432,133,1,1,1051,
2112,0.30787037037037035,432,133,0,0,1051,
2113,0.30787037037037035,432,133,0,0,1051,
2114,0.30787037037037035,432,133,0,0,1051,
2115,0.30787037037037035,432,133,0,0,1051,
2116,0.3071593533487298,433,133,1,0,1052,
2117,0.3071593533487298,433,133,0,0,1052,
2118,0.3071593533487298,433,133,0,0,1052,
2119,0.3087557603686636,434,134,1,1,1052,
2120,0.3087557603686636,434,134,0,0,1052,
2121,0.3119266055045872,436,136,2,2,1054,
2122,0.3127853881278539,438,137,2,1,1056,
2123,0.3127853881278539,438,137,0,0,1056,
2124,0.3127853881278539,438,137,0,0,1056,
2125,0.3127853881278539,438,137,0,0,1056,
2126,0.3127853881278539,438,137,0,0,1056,
2127,0.3120728929384966,439,137,1,0,1058,
2128,0.3120728929384966,439,137,0,0,1058,
2129,0.3120728929384966,439,137,0,0,1058,
2130,0.3120728929384966,439,137,0,0,1058,
2131,0.3120728929384966,439,137,0,0,1058,
2132,0.3120728929384966,439,137,0,0,1058,
2133,0.3120728929384966,439,137,0,0,1058,
2134,0.3120728929384966,439,137,0,0,1058,
2135,0.3120728929384966,439,137,0,0,1058,
2136,0.3120728929384966,439,137,0,0,1058,
2137,0.3120728929384966,439,137,0,0,1058,
2138,0.3120728929384966,439,137,0,0,1058,
2139,0.30995475113122173,442,137,3,0,1063,
2140,0.3125,448,140,6,3,1064,
2141,0.31057268722466963,454,141,6,1,1056,
2142,0.31196581196581197,468,146,14,5,1046,
2143,0.3122448979591837,490,153,22,7,1051,
2144,0.3122448979591837,490,153,0,0,1051,
2145,0.3112449799196787,498,155,8,2,1051,
2146,0.3112449799196787,498,155,0,0,1051,
2147,0.312,500,156,2,1,1051,
2148,0.312,500,156,0,0,1051,
2149,0.312,500,156,0,0,1051,
2150,0.312,500,156,0,0,1051,
2151,0.31137724550898205,501,156,1,0,1051,
2152,0.31137724550898205,501,156,0,0,1051,
2153,0.31137724550898205,501,156,0,0,1051,
2154,0.31137724550898205,501,156,0,0,1051,
2155,0.31137724550898205,501,156,0,0,1051,
2156,0.31137724550898205,501,156,0,0,1051,
2157,0.3107569721115538,502,156,1,0,1052,
2158,0.3107569721115538,502,156,0,0,1052,
2159,0.3107569721115538,502,156,0,0,1052,
2160,0.3107569721115538,502,156,0,0,1052,
2161,0.3107569721115538,502,156,0,0,1052,
2162,0.3108910891089109,505,157,3,1,1059,
2163,0.3102766798418972,506,157,1,0,1060,
2164,0.3096646942800789,507,157,1,0,1061,
2165,0.3110236220472441,508,158,1,1,1061,
2166,0.3110236220472441,508,158,0,0,1061,
2167,0.3110236220472441,508,158,0,0,1061,
2168,0.3110236220472441,508,158,0,0,1061,
2169,0.3110236220472441,508,158,0,0,1061,
2170,0.3110236220472441,508,158,0,0,1061,
2171,0.3110236220472441,508,158,0,0,1061,
2172,0.3110236220472441,508,158,0,0,1061,
2173,0.3110236220472441,508,158,0,0,1061,
2174,0.3110236220472441,508,158,0,0,1061,
2175,0.3110236220472441,508,158,0,0,1061,
2176,0.30980392156862746,510,158,2,0,1066,
2177,0.30980392156862746,510,158,0,0,1066,
2178,0.30980392156862746,510,158,0,0,1066,
2179,0.3111545988258317,511,159,1,1,1069,
2180,0.3111545988258317,511,159,0,0,1069,
2181,0.3111545988258317,511,159,0,0,1069,
2182,0.30994152046783624,513,159,2,0,1071,
2183,0.30994152046783624,513,159,0,0,1071,
2184,0.30994152046783624,513,159,0,0,1071,
2185,0.30994152046783624,513,159,0,0,1071,
2186,0.3087378640776699,515,159,2,0,1074,
2187,0.3087378640776699,515,159,0,0,1074,
2188,0.3087378640776699,515,159,0,0,1074,
2189,0.3087378640776699,515,159,0,0,1074,
2190,0.3081395348837209,516,159,1,0,1078,
2191,0.3081395348837209,516,159,0,0,1078,
2192,0.3081395348837209,516,159,0,0,1078,
2193,0.3081395348837209,516,159,0,0,1078,
2194,0.30754352030947774,517,159,1,0,1078,
2195,0.30754352030947774,517,159,0,0,1078,
2196,0.30754352030947774,517,159,0,0,1078,
2197,0.30694980694980695,518,159,1,0,1078,
2198,0.30828516377649323,519,160,1,1,1079,
2199,0.3076923076923077,520,160,1,0,1080,
2200,0.3076923076923077,520,160,0,0,1080,
2201,0.30710172744721687,521,160,1,0,1080,
2202,0.30710172744721687,521,160,0,0,1080,
2203,0.30710172744721687,521,160,0,0,1080,
2204,0.30710172744721687,521,160,0,0,1080,
2205,0.30710172744721687,521,160,0,0,1080,
2206,0.30842911877394635,522,161,1,1,1081,
2207,0.30842911877394635,522,161,0,0,1081,
2208,0.30842911877394635,522,161,0,0,1081,
2209,0.3078393881453155,523,161,1,0,1081,
2210,0.3078393881453155,523,161,0,0,1081,
2211,0.30725190839694655,524,161,1,0,1082,
2212,0.30725190839694655,524,161,0,0,1082,
2213,0.30725190839694655,524,161,0,0,1082,
2214,0.3060836501901141,526,161,2,0,1084,
2215,0.3055028462998102,527,161,1,0,1085,
2216,0.3055028462998102,527,161,0,0,1085,
2217,0.3055028462998102,527,161,0,0,1085,
2218,0.30492424242424243,528,161,1,0,1087,
2219,0.30492424242424243,528,161,0,0,1087,
2220,0.30492424242424243,528,161,0,0,1087,
2221,0.30492424242424243,528,161,0,0,1087,
2222,0.30492424242424243,528,161,0,0,1087,
2223,0.30492424242424243,528,161,0,0,1087,
2224,0.30434782608695654,529,161,1,0,1088,
2225,0.30434782608695654,529,161,0,0,1088,
2226,0.30434782608695654,529,161,0,0,1088,
2227,0.30434782608695654,529,161,0,0,1088,
2228,0.30434782608695654,529,161,0,0,1088,
2229,0.30434782608695654,529,161,0,0,1088,
2230,0.30434782608695654,529,161,0,0,1088,
2231,0.30434782608695654,529,161,0,0,1088,
2232,0.30434782608695654,529,161,0,0,1088,
2233,0.30434782608695654,529,161,0,0,1088,
2234,0.30377358490566037,530,161,1,0,1088,
2235,0.30377358490566037,530,161,0,0,1088,
2236,0.30377358490566037,530,161,0,0,1088,
2237,0.30377358490566037,530,161,0,0,1088,
2238,0.30377358490566037,530,161,0,0,1088,
2239,0.3032015065913371,531,161,1,0,1089,
2240,0.3026315789473684,532,161,1,0,1089,
2241,0.3026315789473684,532,161,0,0,1089,
2242,0.3026315789473684,532,161,0,0,1089,
2243,0.3026315789473684,532,161,0,0,1089,
2244,0.3026315789473684,532,161,0,0,1089,
2245,0.30393996247654786,533,162,1,1,1090,
2246,0.30393996247654786,533,162,0,0,1090,
2247,0.30393996247654786,533,162,0,0,1090,
2248,0.30393996247654786,533,162,0,0,1090,
2249,0.30393996247654786,533,162,0,0,1090,
2250,0.30337078651685395,534,162,1,0,1090,
2251,0.30280373831775703,535,162,1,0,1091,
2252,0.3048327137546468,538,164,3,2,1094,
2253,0.3048327137546468,538,164,0,0,1094,
2254,0.3048327137546468,538,164,0,0,1094,
2255,0.3042671614100185,539,164,1,0,1095,
2256,0.3037037037037037,540,164,1,0,1097,
2257,0.3037037037037037,540,164,0,0,1097,
2258,0.3031423290203327,541,164,1,0,1098,
2259,0.3031423290203327,541,164,0,0,1098,
2260,0.3044280442804428,542,165,1,1,1097,
2261,0.30570902394106814,543,166,1,1,1097,
2262,0.30570902394106814,543,166,0,0,1097,
2263,0.30514705882352944,544,166,1,0,1098,
2264,0.30514705882352944,544,166,0,0,1098,
2265,0.30458715596330277,545,166,1,0,1099,
2266,0.30458715596330277,545,166,0,0,1099,
2267,0.30458715596330277,545,166,0,0,1099,
2268,0.30458715596330277,545,166,0,0,1099,
2269,0.30458715596330277,545,166,0,0,1099,
2270,0.30458715596330277,545,166,0,0,1099,
2271,0.30458715596330277,545,166,0,0,1099,
2272,0.304029304029304,546,166,1,0,1100,
2273,0.3029197080291971,548,166,2,0,1102,
2274,0.302367941712204,549,166,1,0,1102,
2275,0.302367941712204,549,166,0,0,1102,
2276,0.3018181818181818,550,166,1,0,1103,
2277,0.3018181818181818,550,166,0,0,1103,
2278,0.3018181818181818,550,166,0,0,1103,
2279,0.3018181818181818,550,166,0,0,1103,
2280,0.3018181818181818,550,166,0,0,1103,
2281,0.3018181818181818,550,166,0,0,1103,
2282,0.3018181818181818,550,166,0,0,1103,
2283,0.3018181818181818,550,166,0,0,1103,
2284,0.3018181818181818,550,166,0,0,1103,
2285,0.3018181818181818,550,166,0,0,1103,
2286,0.3018181818181818,550,166,0,0,1103,
2287,0.30127041742286753,551,166,1,0,1109,
2288,0.30127041742286753,551,166,0,0,1109,
2289,0.30127041742286753,551,166,0,0,1109,
2290,0.30127041742286753,551,166,0,0,1109,
2291,0.30127041742286753,551,166,0,0,1109,
2292,0.30127041742286753,551,166,0,0,1109,
2293,0.30127041742286753,551,166,0,0,1109,
2294,0.30127041742286753,551,166,0,0,1109,
2295,0.30127041742286753,551,166,0,0,1109,
2296,0.30127041742286753,551,166,0,0,1109,
2297,0.30127041742286753,551,166,0,0,1109,
2298,0.30127041742286753,551,166,0,0,1109,
2299,0.30127041742286753,551,166,0,0,1109,
2300,0.30127041742286753,551,166,0,0,1109,
2301,0.30127041742286753,551,166,0,0,1109,
2302,0.30198915009041594,553,167,2,1,1129,
2303,0.3027027027027027,555,168,2,1,1131,
2304,0.3027027027027027,555,168,0,0,1131,
2305,0.3027027027027027,555,168,0,0,1131,
2306,0.3027027027027027,555,168,0,0,1131,
2307,0.3027027027027027,555,168,0,0,1131,
2308,0.3027027027027027,555,168,0,0,1131,
2309,0.3027027027027027,555,168,0,0,1131,
2310,0.302158273381295,556,168,1,0,1133,
2311,0.302158273381295,556,168,0,0,1133,
2312,0.302158273381295,556,168,0,0,1133,
2313,0.302158273381295,556,168,0,0,1133,
2314,0.3016157989228007,557,168,1,0,1134,
2315,0.3,560,168,3,0,1137,
2316,0.2975352112676056,568,169,8,1,1137,
2317,0.29876977152899825,569,170,1,1,1139,
2318,0.29876977152899825,569,170,0,0,1139,
2319,0.29876977152899825,569,170,0,0,1139,
2320,0.29876977152899825,569,170,0,0,1139,
2321,0.29876977152899825,569,170,0,0,1139,
2322,0.3,570,171,1,1,1140,
2323,0.3,570,171,0,0,1140,
2324,0.30017452006980805,573,172,3,1,1152,
2325,0.30139372822299654,574,173,1,1,1153,
2326,0.3038194444444444,576,175,2,2,1155,
2327,0.3050259965337955,577,176,1,1,1156,
2328,0.3050259965337955,577,176,0,0,1156,
2329,0.30584192439862545,582,178,5,2,1163,
2330,0.30584192439862545,582,178,0,0,1163,
2331,0.30584192439862545,582,178,0,0,1163,
2332,0.30584192439862545,582,178,0,0,1163,
2333,0.30584192439862545,582,178,0,0,1163,
2334,0.3050847457627119,590,180,8,2,1169,
2335,0.30456852791878175,591,180,1,0,1168,
2336,0.30456852791878175,591,180,0,0,1168,
2337,0.30456852791878175,591,180,0,0,1168,
2338,0.30456852791878175,591,180,0,0,1168,
2339,0.30456852791878175,591,180,0,0,1168,
2340,0.30456852791878175,591,180,0,0,1168,
2341,0.30456852791878175,591,180,0,0,1168,
2342,0.30405405405405406,592,180,1,0,1170,
2343,0.3042016806722689,595,181,3,1,1173,
2344,0.3042016806722689,595,181,0,0,1173,
2345,0.3036912751677852,596,181,1,0,1174,
2346,0.30282861896838603,601,182,5,1,1174,
2347,0.30282861896838603,601,182,0,0,1174,
2348,0.30282861896838603,601,182,0,0,1174,
2349,0.30282861896838603,601,182,0,0,1174,
2350,0.30282861896838603,601,182,0,0,1174,
2351,0.30282861896838603,601,182,0,0,1174,
2352,0.30282861896838603,601,182,0,0,1174,
2353,0.3054187192118227,609,186,8,4,1183,
2354,0.3054187192118227,609,186,0,0,1183,
2355,0.30655737704918035,610,187,1,1,1184,
2356,0.30655737704918035,610,187,0,0,1184,
2357,0.30655737704918035,610,187,0,0,1184,
2358,0.30655737704918035,610,187,0,0,1184,
2359,0.30655737704918035,610,187,0,0,1184,
2360,0.30655737704918035,610,187,0,0,1184,
2361,0.3060556464811784,611,187,1,0,1185,
2362,0.3066884176182708,613,188,2,1,1187,
2363,0.3056910569105691,615,188,2,0,1189,
2364,0.3063209076175041,617,189,2,1,1190,
2365,0.3063209076175041,617,189,0,0,1190,
2366,0.3063209076175041,617,189,0,0,1190,
2367,0.3063209076175041,617,189,0,0,1190,
2368,0.3063209076175041,617,189,0,0,1190,
2369,0.3063209076175041,617,189,0,0,1190,
2370,0.3058252427184466,618,189,1,0,1190,
2371,0.3053311793214863,619,189,1,0,1191,
2372,0.3064516129032258,620,190,1,1,1191,
2373,0.3035143769968051,626,190,6,0,1196,
2374,0.3035143769968051,626,190,0,0,1196,
2375,0.3035143769968051,626,190,0,0,1196,
2376,0.3035143769968051,626,190,0,0,1196,
2377,0.3035143769968051,626,190,0,0,1196,
2378,0.3035143769968051,626,190,0,0,1196,
2379,0.30254777070063693,628,190,2,0,1200,
2380,0.30254777070063693,628,190,0,0,1200,
2381,0.302066772655008,629,190,1,0,1201,
2382,0.302066772655008,629,190,0,0,1201,
2383,0.30173775671406006,633,191,4,1,1205,
2384,0.30173775671406006,633,191,0,0,1205,
2385,0.30126182965299686,634,191,1,0,1206,
2386,0.300314465408805,636,191,2,0,1207,
2387,0.300314465408805,636,191,0,0,1207,
2388,0.300314465408805,636,191,0,0,1207,
2389,0.300314465408805,636,191,0,0,1207,
2390,0.30141287284144425,637,192,1,1,1209,
2391,0.30094043887147337,638,192,1,0,1210,
2392,0.3004694835680751,639,192,1,0,1208,
2393,0.3004694835680751,639,192,0,0,1208,
2394,0.3004694835680751,639,192,0,0,1208,
2395,0.3,640,192,1,0,1208,
2396,0.30062305295950154,642,193,2,1,1210,
2397,0.30062305295950154,642,193,0,0,1210,
2398,0.30062305295950154,642,193,0,0,1210,
2399,0.30062305295950154,642,193,0,0,1210,
2400,0.3001555209953344,643,193,1,0,1211,
2401,0.3001555209953344,643,193,0,0,1211,
2402,0.2992248062015504,645,193,2,0,1211,
2403,0.2992248062015504,645,193,0,0,1211,
2404,0.2992248062015504,645,193,0,0,1211,
2405,0.2992248062015504,645,193,0,0,1211,
2406,0.2992248062015504,645,193,0,0,1211,
2407,0.2992248062015504,645,193,0,0,1211,
2408,0.2992248062015504,645,193,0,0,1211,
2409,0.2992248062015504,645,193,0,0,1211,
2410,0.30030959752321984,646,194,1,1,1213,
2411,0.29984544049459044,647,194,1,0,1214,
2412,0.29984544049459044,647,194,0,0,1214,
2413,0.300462249614792,649,195,2,1,1216,
2414,0.2995391705069124,651,195,2,0,1218,
2415,0.2986217457886677,653,195,2,0,1220,
2416,0.2981651376146789,654,195,1,0,1221,
2417,0.29770992366412213,655,195,1,0,1222,
2418,0.29878048780487804,656,196,1,1,1223,
2419,0.29878048780487804,656,196,0,0,1223,
2420,0.29819277108433734,664,198,8,2,1232,
2421,0.29819277108433734,664,198,0,0,1232,
2422,0.29819277108433734,664,198,0,0,1232,
2423,0.29819277108433734,664,198,0,0,1232,
2424,0.29819277108433734,664,198,0,0,1232,
2425,0.29819277108433734,664,198,0,0,1232,
2426,0.29819277108433734,664,198,0,0,1232,
2427,0.29819277108433734,664,198,0,0,1232,
2428,0.29819277108433734,664,198,0,0,1232,
2429,0.29596412556053814,669,198,5,0,1241,
2430,0.29542097488921715,677,200,8,2,1248,
2431,0.2949852507374631,678,200,1,0,1249,
2432,0.2949852507374631,678,200,0,0,1249,
2433,0.29455081001472755,679,200,1,0,1250,
2434,0.29455081001472755,679,200,0,0,1250,
2435,0.29411764705882354,680,200,1,0,1251,
2436,0.2936857562408223,681,200,1,0,1252,
2437,0.2953216374269006,684,202,3,2,1255,
2438,0.29651162790697677,688,204,4,2,1255,
2439,0.29624277456647397,692,205,4,1,1256,
2440,0.29624277456647397,692,205,0,0,1256,
2441,0.29624277456647397,692,205,0,0,1256,
2442,0.2972582972582973,693,206,1,1,1257,
2443,0.2972582972582973,693,206,0,0,1257,
2444,0.2972582972582973,693,206,0,0,1257,
2445,0.2972582972582973,693,206,0,0,1257,
2446,0.2972582972582973,693,206,0,0,1257,
2447,0.2972582972582973,693,206,0,0,1257,
2448,0.2972582972582973,693,206,0,0,1257,
2449,0.2972582972582973,693,206,0,0,1257,
2450,0.2972582972582973,693,206,0,0,1257,
2451,0.2972582972582973,693,206,0,0,1257,
2452,0.2972582972582973,693,206,0,0,1257,
2453,0.2972582972582973,693,206,0,0,1257,
2454,0.2972582972582973,693,206,0,0,1257,
2455,0.2959770114942529,696,206,3,0,1261,
2456,0.2959770114942529,696,206,0,0,1261,
2457,0.296137339055794,699,207,3,1,1263,
2458,0.2957142857142857,700,207,1,0,1263,
2459,0.2957142857142857,700,207,0,0,1263,
2460,0.2957142857142857,700,207,0,0,1263,
2461,0.2957142857142857,700,207,0,0,1263,
2462,0.2957142857142857,700,207,0,0,1263,
2463,0.2967189728958631,701,208,1,1,1264,
2464,0.2967189728958631,701,208,0,0,1264,
2465,0.2967189728958631,701,208,0,0,1264,
2466,0.2967189728958631,701,208,0,0,1264,
2467,0.2967189728958631,701,208,0,0,1264,
2468,0.2962962962962963,702,208,1,0,1273,
2469,0.2972972972972973,703,209,1,1,1274,
2470,0.2972972972972973,703,209,0,0,1274,
2471,0.2972972972972973,703,209,0,0,1274,
2472,0.29645390070921984,705,209,2,0,1276,
2473,0.2966573816155989,718,213,13,4,1276,
2474,0.29583333333333334,720,213,2,0,1277,
2475,0.29542302357836336,721,213,1,0,1278,
2476,0.29542302357836336,721,213,0,0,1278,
2477,0.29542302357836336,721,213,0,0,1278,
2478,0.296398891966759,722,214,1,1,1280,
2479,0.2959889349930844,723,214,1,0,1281,
2480,0.2955801104972376,724,214,1,0,1281,
2481,0.2955801104972376,724,214,0,0,1281,
2482,0.2955801104972376,724,214,0,0,1281,
2483,0.29517241379310344,725,214,1,0,1281,
2484,0.29517241379310344,725,214,0,0,1281,
2485,0.29517241379310344,725,214,0,0,1281,
2486,0.29476584022038566,726,214,1,0,1282,
2487,0.29476584022038566,726,214,0,0,1282,
2488,0.29476584022038566,726,214,0,0,1282,
2489,0.29573590096286106,727,215,1,1,1284,
2490,0.2962962962962963,729,216,2,1,1286,
2491,0.2962962962962963,729,216,0,0,1286,
2492,0.2962962962962963,729,216,0,0,1286,
2493,0.2962962962962963,729,216,0,0,1286,
2494,0.2962962962962963,729,216,0,0,1286,
2495,0.2962962962962963,729,216,0,0,1286,
2496,0.2962962962962963,729,216,0,0,1286,
2497,0.29726027397260274,730,217,1,1,1287,
2498,0.29726027397260274,730,217,0,0,1287,
2499,0.29726027397260274,730,217,0,0,1287,
2500,0.2982216142270862,731,218,1,1,1288,
2501,0.29918032786885246,732,219,1,1,1288,
2502,0.2987721691678035,733,219,1,0,1290,
2503,0.2987721691678035,733,219,0,0,1290,
2504,0.3016304347826087,736,222,3,3,1289,
2505,0.3012211668928087,737,222,1,0,1290,
2506,0.3008130081300813,738,222,1,0,1291,
2507,0.3008130081300813,738,222,0,0,1291,
2508,0.3004059539918809,739,222,1,0,1292,
2509,0.3,740,222,1,0,1293,
2510,0.29959514170040485,741,222,1,0,1294,
2511,0.2991913746630728,742,222,1,0,1295,
2512,0.29878869448183043,743,222,1,0,1296,
2513,0.2993288590604027,745,223,2,1,1296,
2514,0.2993288590604027,745,223,0,0,1296,
2515,0.2993288590604027,745,223,0,0,1296,
2516,0.3002680965147453,746,224,1,1,1297,
2517,0.3002680965147453,746,224,0,0,1297,
2518,0.3002680965147453,746,224,0,0,1297,
2519,0.3002680965147453,746,224,0,0,1297,
2520,0.3002680965147453,746,224,0,0,1297,
2521,0.3002680965147453,746,224,0,0,1297,
2522,0.3002680965147453,746,224,0,0,1297,
2523,0.3002680965147453,746,224,0,0,1297,
2524,0.3002680965147453,746,224,0,0,1297,
2525,0.3002680965147453,746,224,0,0,1297,
2526,0.3002680965147453,746,224,0,0,1297,
2527,0.3002680965147453,746,224,0,0,1297,
2528,0.3002680965147453,746,224,0,0,1297,
2529,0.3002680965147453,746,224,0,0,1297,
2530,0.3002680965147453,746,224,0,0,1297,
2531,0.3002680965147453,746,224,0,0,1297,
2532,0.3002680965147453,746,224,0,0,1297,
2533,0.3002680965147453,746,224,0,0,1297,
2534,0.3002680965147453,746,224,0,0,1297,
2535,0.3002680965147453,746,224,0,0,1297,
2536,0.2998661311914324,747,224,1,0,1302,
2537,0.2998661311914324,747,224,0,0,1302,
2538,0.2998661311914324,747,224,0,0,1302,
2539,0.2998661311914324,747,224,0,0,1302,
2540,0.2998661311914324,747,224,0,0,1302,
2541,0.2998661311914324,747,224,0,0,1302,
2542,0.2998661311914324,747,224,0,0,1302,
2543,0.2998661311914324,747,224,0,0,1302,
2544,0.2998661311914324,747,224,0,0,1302,
2545,0.2998661311914324,747,224,0,0,1302,
2546,0.2998661311914324,747,224,0,0,1302,
2547,0.2998661311914324,747,224,0,0,1302,
2548,0.2998661311914324,747,224,0,0,1302,
2549,0.2998661311914324,747,224,0,0,1302,
2550,0.2998661311914324,747,224,0,0,1302,
2551,0.2998661311914324,747,224,0,0,1302,
2552,0.2998661311914324,747,224,0,0,1302,
2553,0.2998661311914324,747,224,0,0,1302,
2554,0.2998661311914324,747,224,0,0,1302,
2555,0.2998661311914324,747,224,0,0,1302,
2556,0.2994652406417112,748,224,1,0,1304,
2557,0.2994652406417112,748,224,0,0,1304,
2558,0.2994652406417112,748,224,0,0,1304,
2559,0.2994652406417112,748,224,0,0,1304,
2560,0.2994652406417112,748,224,0,0,1304,
2561,0.2994652406417112,748,224,0,0,1304,
2562,0.2994652406417112,748,224,0,0,1304,
2563,0.2994652406417112,748,224,0,0,1304,
2564,0.2994652406417112,748,224,0,0,1304,
2565,0.2994652406417112,748,224,0,0,1304,
2566,0.2994652406417112,748,224,0,0,1304,
2567,0.2994652406417112,748,224,0,0,1304,
2568,0.2994652406417112,748,224,0,0,1304,
2569,0.2982689747003995,751,224,3,0,1306,
2570,0.2982689747003995,751,224,0,0,1306,
2571,0.29747675962815406,753,224,2,0,1308,
2572,0.29708222811671087,754,224,1,0,1309,
2573,0.29668874172185433,755,224,1,0,1310,
2574,0.29668874172185433,755,224,0,0,1310,
2575,0.29668874172185433,755,224,0,0,1310,
2576,0.29668874172185433,755,224,0,0,1310,
2577,0.2962962962962963,756,224,1,0,1310,
2578,0.29683377308707126,758,225,2,1,1312,
2579,0.29683377308707126,758,225,0,0,1312,
2580,0.29683377308707126,758,225,0,0,1312,
2581,0.29683377308707126,758,225,0,0,1312,
2582,0.29683377308707126,758,225,0,0,1312,
2583,0.29683377308707126,758,225,0,0,1312,
2584,0.2964426877470356,759,225,1,0,1314,
2585,0.2964426877470356,759,225,0,0,1314,
2586,0.29736842105263156,760,226,1,1,1316,
2587,0.29726205997392435,767,228,7,2,1319,
2588,0.296875,768,228,1,0,1319,
2589,0.296875,768,228,0,0,1319,
2590,0.2966321243523316,772,229,4,1,1323,
2591,0.2966321243523316,772,229,0,0,1323,
2592,0.2975420439844761,773,230,1,1,1324,
2593,0.297680412371134,776,231,3,1,1328,
2594,0.2969151670951157,778,231,2,0,1329,
2595,0.29781771501925547,779,232,1,1,1330,
2596,0.29781771501925547,779,232,0,0,1330,
2597,0.29781771501925547,779,232,0,0,1330,
2598,0.29781771501925547,779,232,0,0,1330,
2599,0.29781771501925547,779,232,0,0,1330,
2600,0.29781771501925547,779,232,0,0,1330,
2601,0.29833546734955185,781,233,2,1,1332,
2602,0.29833546734955185,781,233,0,0,1332,
2603,0.2979539641943734,782,233,1,0,1342,
2604,0.2988505747126437,783,234,1,1,1343,
2605,0.2988505747126437,783,234,0,0,1343,
2606,0.2988505747126437,783,234,0,0,1343,
2607,0.2988505747126437,783,234,0,0,1343,
2608,0.2988505747126437,783,234,0,0,1343,
2609,0.2988505747126437,783,234,0,0,1343,
2610,0.2988505747126437,783,234,0,0,1343,
2611,0.2980891719745223,785,234,2,0,1344,
2612,0.2980891719745223,785,234,0,0,1344,
2613,0.2989821882951654,786,235,1,1,1345,
2614,0.2989821882951654,786,235,0,0,1345,
2615,0.29860228716645487,787,235,1,0,1345,
2616,0.29949238578680204,788,236,1,1,1344,
2617,0.2991128010139417,789,236,1,0,1344,
2618,0.2991128010139417,789,236,0,0,1344,
2619,0.2991128010139417,789,236,0,0,1344,
2620,0.2991128010139417,789,236,0,0,1344,
2621,0.29873417721518986,790,236,1,0,1344,
2622,0.29873417721518986,790,236,0,0,1344,
2623,0.29760403530895335,793,236,3,0,1344,
2624,0.2972292191435768,794,236,1,0,1344,
2625,0.2972292191435768,794,236,0,0,1344,
2626,0.2972292191435768,794,236,0,0,1344,
2627,0.2972292191435768,794,236,0,0,1344,
2628,0.2972292191435768,794,236,0,0,1344,
2629,0.295369211514393,799,236,5,0,1346,
2630,0.2956521739130435,805,238,6,2,1346,
2631,0.2957920792079208,808,239,3,1,1346,
2632,0.2957920792079208,808,239,0,0,1346,
2633,0.2954264524103832,809,239,1,0,1349,
