Revision,AggregateAccuracy,TotalPredictionsPerRevision,CorrectPredictionsPreRevision,

1201,NaN,0,0,
1202,NaN,0,0,
1203,NaN,0,0,
1204,NaN,0,0,
1205,NaN,0,0,
1206,NaN,0,0,
1207,NaN,0,0,
1208,NaN,0,0,
1209,NaN,0,0,
1210,NaN,0,0,
1211,NaN,0,0,
1212,NaN,0,0,
1213,NaN,0,0,
1214,NaN,0,0,
1215,NaN,0,0,
1216,NaN,0,0,
1217,NaN,0,0,
1218,NaN,0,0,
1219,NaN,0,0,
1220,NaN,0,0,
1221,NaN,0,0,
1222,NaN,0,0,
1223,NaN,0,0,
1224,NaN,0,0,
1225,NaN,0,0,
1226,NaN,0,0,
1227,NaN,0,0,
1228,NaN,0,0,
1229,NaN,0,0,
1230,NaN,0,0,
1231,NaN,0,0,
1232,NaN,0,0,
1233,NaN,0,0,
1234,NaN,0,0,
1235,NaN,0,0,
1236,NaN,0,0,
1237,NaN,0,0,
1238,NaN,0,0,
1239,NaN,0,0,
1240,NaN,0,0,
1241,NaN,0,0,
1242,NaN,0,0,
1243,NaN,0,0,
1244,NaN,0,0,
1245,NaN,0,0,
1246,NaN,0,0,
1247,NaN,0,0,
1248,NaN,0,0,
1249,NaN,0,0,
1250,NaN,0,0,
1251,NaN,0,0,
1252,NaN,0,0,
1253,NaN,0,0,
1254,NaN,0,0,
1255,NaN,0,0,
1256,NaN,0,0,
1257,NaN,0,0,
1258,NaN,0,0,
1259,NaN,0,0,
1260,NaN,0,0,
1261,NaN,0,0,
1262,NaN,0,0,
1263,NaN,0,0,
1264,NaN,0,0,
1265,NaN,0,0,
1266,NaN,0,0,
1267,NaN,0,0,
1268,NaN,0,0,
1269,NaN,0,0,
1270,NaN,0,0,
1271,NaN,0,0,
1272,NaN,0,0,
1273,NaN,0,0,
1274,NaN,0,0,
1275,NaN,0,0,
1276,NaN,0,0,
1277,NaN,0,0,
1278,NaN,0,0,
1279,NaN,0,0,
1280,NaN,0,0,
1281,NaN,0,0,
1282,NaN,0,0,
1283,NaN,0,0,
1284,NaN,0,0,
1285,NaN,0,0,
1286,NaN,0,0,
1287,NaN,0,0,
1288,NaN,0,0,
1289,NaN,0,0,
1290,NaN,0,0,
1291,NaN,0,0,
1292,NaN,0,0,
1293,NaN,0,0,
1294,NaN,0,0,
1295,NaN,0,0,
1296,NaN,0,0,
1297,NaN,0,0,
1298,NaN,0,0,
1299,NaN,0,0,
1300,NaN,0,0,
1301,NaN,0,0,
1302,NaN,0,0,
1303,NaN,0,0,
1304,NaN,0,0,
1305,NaN,0,0,
1306,NaN,0,0,
1307,NaN,0,0,
1308,NaN,0,0,
1309,NaN,0,0,
1310,NaN,0,0,
1311,NaN,0,0,
1312,NaN,0,0,
1313,0.5,2,1,
1314,0.5,0,0,
1315,0.3333333333333333,1,0,
1316,0.3333333333333333,0,0,
1317,0.3333333333333333,0,0,
1318,0.3333333333333333,0,0,
1319,0.3333333333333333,0,0,
1320,0.3333333333333333,0,0,
1321,0.3333333333333333,0,0,
1322,0.3333333333333333,0,0,
1323,0.3333333333333333,0,0,
1324,0.3333333333333333,0,0,
1325,0.3333333333333333,0,0,
1326,0.3333333333333333,0,0,
1327,0.3333333333333333,0,0,
1328,0.3333333333333333,0,0,
1329,0.3333333333333333,0,0,
1330,0.3333333333333333,0,0,
1331,0.3333333333333333,0,0,
1332,0.3333333333333333,0,0,
1333,0.3333333333333333,0,0,
1334,0.2,2,0,
1335,0.2,0,0,
1336,0.2,0,0,
1337,0.2,0,0,
1338,0.2,0,0,
1339,0.2,0,0,
1340,0.2,0,0,
1341,0.2,0,0,
1342,0.2,0,0,
1343,0.2,0,0,
1344,0.2,0,0,
1345,0.2,0,0,
1346,0.2,0,0,
1347,0.2,0,0,
1348,0.2,0,0,
1349,0.2,0,0,
1350,0.16666666666666666,1,0,
1351,0.16666666666666666,0,0,
1352,0.14285714285714285,1,0,
1353,0.14285714285714285,0,0,
1354,0.14285714285714285,0,0,
1355,0.14285714285714285,0,0,
1356,0.14285714285714285,0,0,
1357,0.14285714285714285,0,0,
1358,0.14285714285714285,0,0,
1359,0.14285714285714285,0,0,
1360,0.14285714285714285,0,0,
1361,0.14285714285714285,0,0,
1362,0.14285714285714285,0,0,
1363,0.14285714285714285,0,0,
1364,0.14285714285714285,0,0,
1365,0.14285714285714285,0,0,
1366,0.14285714285714285,0,0,
1367,0.14285714285714285,0,0,
1368,0.14285714285714285,0,0,
1369,0.14285714285714285,0,0,
1370,0.14285714285714285,0,0,
1371,0.1111111111111111,2,0,
1372,0.23076923076923078,4,2,
1373,0.23076923076923078,0,0,
1374,0.21428571428571427,1,0,
1375,0.2,1,0,
1376,0.2,0,0,
1377,0.2,0,0,
1378,0.2,0,0,
1379,0.2,0,0,
1380,0.2222222222222222,3,1,
1381,0.21052631578947367,1,0,
1382,0.23809523809523808,2,1,
1383,0.23809523809523808,0,0,
1384,0.23809523809523808,0,0,
1385,0.23809523809523808,0,0,
1386,0.21739130434782608,2,0,
1387,0.20833333333333334,1,0,
1388,0.2,1,0,
1389,0.18518518518518517,2,0,
1390,0.18518518518518517,0,0,
1391,0.17857142857142858,1,0,
1392,0.17857142857142858,0,0,
1393,0.17857142857142858,0,0,
1394,0.17857142857142858,0,0,
1395,0.17857142857142858,0,0,
1396,0.17857142857142858,0,0,
1397,0.1724137931034483,1,0,
1398,0.1724137931034483,0,0,
1399,0.1724137931034483,0,0,
1400,0.1724137931034483,0,0,
1401,0.16666666666666666,1,0,
1402,0.16666666666666666,0,0,
1403,0.16666666666666666,0,0,
1404,0.16666666666666666,0,0,
1405,0.16666666666666666,0,0,
1406,0.16666666666666666,0,0,
1407,0.16666666666666666,0,0,
1408,0.16666666666666666,0,0,
1409,0.16666666666666666,0,0,
1410,0.16666666666666666,0,0,
1411,0.16666666666666666,0,0,
1412,0.16666666666666666,0,0,
1413,0.16666666666666666,0,0,
1414,0.16666666666666666,0,0,
1415,0.16666666666666666,0,0,
1416,0.16666666666666666,0,0,
1417,0.16666666666666666,0,0,
1418,0.16666666666666666,0,0,
1419,0.16666666666666666,0,0,
1420,0.16666666666666666,0,0,
1421,0.16666666666666666,0,0,
1422,0.16666666666666666,0,0,
1423,0.16666666666666666,0,0,
1424,0.16666666666666666,0,0,
1425,0.16666666666666666,0,0,
1426,0.16666666666666666,0,0,
1427,0.16666666666666666,0,0,
1428,0.16666666666666666,0,0,
1429,0.16666666666666666,0,0,
1430,0.16666666666666666,0,0,
1431,0.16666666666666666,0,0,
1432,0.16666666666666666,0,0,
1433,0.16666666666666666,0,0,
1434,0.16666666666666666,0,0,
1435,0.16666666666666666,0,0,
1436,0.16666666666666666,0,0,
1437,0.16666666666666666,0,0,
1438,0.16666666666666666,0,0,
1439,0.16666666666666666,0,0,
1440,0.16666666666666666,0,0,
1441,0.16666666666666666,0,0,
1442,0.16666666666666666,0,0,
1443,0.16666666666666666,0,0,
1444,0.16666666666666666,0,0,
1445,0.16666666666666666,0,0,
1446,0.16666666666666666,0,0,
1447,0.16666666666666666,0,0,
1448,0.16666666666666666,0,0,
1449,0.16666666666666666,0,0,
1450,0.16666666666666666,0,0,
1451,0.16666666666666666,0,0,
1452,0.16666666666666666,0,0,
1453,0.16666666666666666,0,0,
1454,0.16666666666666666,0,0,
1455,0.16666666666666666,0,0,
1456,0.16666666666666666,0,0,
1457,0.16666666666666666,0,0,
1458,0.16666666666666666,0,0,
1459,0.16666666666666666,0,0,
1460,0.16666666666666666,0,0,
1461,0.16666666666666666,0,0,
1462,0.16666666666666666,0,0,
1463,0.16666666666666666,0,0,
1464,0.16666666666666666,0,0,
1465,0.16666666666666666,0,0,
1466,0.16666666666666666,0,0,
1467,0.16666666666666666,0,0,
1468,0.16666666666666666,0,0,
1469,0.16666666666666666,0,0,
1470,0.16666666666666666,0,0,
1471,0.16666666666666666,0,0,
1472,0.16666666666666666,0,0,
1473,0.16666666666666666,0,0,
1474,0.16666666666666666,0,0,
1475,0.16666666666666666,0,0,
1476,0.16666666666666666,0,0,
1477,0.16666666666666666,0,0,
1478,0.16666666666666666,0,0,
1479,0.16666666666666666,0,0,
1480,0.16666666666666666,0,0,
1481,0.16666666666666666,0,0,
1482,0.16666666666666666,0,0,
1483,0.16666666666666666,0,0,
1484,0.16666666666666666,0,0,
1485,0.16666666666666666,0,0,
1486,0.16666666666666666,0,0,
1487,0.16666666666666666,0,0,
1488,0.16666666666666666,0,0,
1489,0.16666666666666666,0,0,
1490,0.16666666666666666,0,0,
1491,0.16666666666666666,0,0,
1492,0.16666666666666666,0,0,
1493,0.16666666666666666,0,0,
1494,0.16666666666666666,0,0,
1495,0.16666666666666666,0,0,
1496,0.16666666666666666,0,0,
1497,0.16666666666666666,0,0,
1498,0.16666666666666666,0,0,
1499,0.16666666666666666,0,0,
1500,0.16666666666666666,0,0,
1501,0.16666666666666666,0,0,
1502,0.16666666666666666,0,0,
1503,0.16666666666666666,0,0,
1504,0.16666666666666666,0,0,
1505,0.16666666666666666,0,0,
1506,0.16666666666666666,0,0,
1507,0.16666666666666666,0,0,
1508,0.16666666666666666,0,0,
1509,0.16666666666666666,0,0,
1510,0.16666666666666666,0,0,
1511,0.16666666666666666,0,0,
1512,0.16666666666666666,0,0,
1513,0.16666666666666666,0,0,
1514,0.16666666666666666,0,0,
1515,0.16666666666666666,0,0,
1516,0.16666666666666666,0,0,
1517,0.16666666666666666,0,0,
1518,0.16666666666666666,0,0,
1519,0.16666666666666666,0,0,
1520,0.16666666666666666,0,0,
1521,0.16666666666666666,0,0,
1522,0.16666666666666666,0,0,
1523,0.16666666666666666,0,0,
1524,0.16666666666666666,0,0,
1525,0.16666666666666666,0,0,
1526,0.16666666666666666,0,0,
1527,0.16666666666666666,0,0,
1528,0.16666666666666666,0,0,
1529,0.16666666666666666,0,0,
1530,0.16666666666666666,0,0,
1531,0.16666666666666666,0,0,
1532,0.16666666666666666,0,0,
1533,0.16666666666666666,0,0,
1534,0.16666666666666666,0,0,
1535,0.16666666666666666,0,0,
1536,0.16666666666666666,0,0,
1537,0.16666666666666666,0,0,
1538,0.16666666666666666,0,0,
1539,0.16666666666666666,0,0,
1540,0.16666666666666666,0,0,
1541,0.16666666666666666,0,0,
1542,0.16666666666666666,0,0,
1543,0.16129032258064516,1,0,
1544,0.16129032258064516,0,0,
1545,0.16129032258064516,0,0,
1546,0.16129032258064516,0,0,
1547,0.16129032258064516,0,0,
1548,0.16129032258064516,0,0,
1549,0.16129032258064516,0,0,
1550,0.16129032258064516,0,0,
1551,0.16129032258064516,0,0,
1552,0.16129032258064516,0,0,
1553,0.16129032258064516,0,0,
1554,0.15151515151515152,2,0,
1555,0.15151515151515152,0,0,
1556,0.14285714285714285,2,0,
1557,0.14285714285714285,0,0,
1558,0.14285714285714285,0,0,
1559,0.14285714285714285,0,0,
1560,0.14285714285714285,0,0,
1561,0.14285714285714285,0,0,
1562,0.1388888888888889,1,0,
1563,0.1388888888888889,0,0,
1564,0.1388888888888889,0,0,
1565,0.1388888888888889,0,0,
1566,0.1388888888888889,0,0,
1567,0.1388888888888889,0,0,
1568,0.1388888888888889,0,0,
1569,0.1388888888888889,0,0,
1570,0.1388888888888889,0,0,
1571,0.1388888888888889,0,0,
1572,0.1388888888888889,0,0,
1573,0.1388888888888889,0,0,
1574,0.1388888888888889,0,0,
1575,0.1388888888888889,0,0,
1576,0.1388888888888889,0,0,
1577,0.1388888888888889,0,0,
1578,0.1388888888888889,0,0,
1579,0.1388888888888889,0,0,
1580,0.1388888888888889,0,0,
1581,0.1388888888888889,0,0,
1582,0.1388888888888889,0,0,
1583,0.1388888888888889,0,0,
1584,0.1388888888888889,0,0,
1585,0.1388888888888889,0,0,
1586,0.1388888888888889,0,0,
1587,0.1388888888888889,0,0,
1588,0.1388888888888889,0,0,
1589,0.1388888888888889,0,0,
1590,0.1388888888888889,0,0,
1591,0.1388888888888889,0,0,
1592,0.1388888888888889,0,0,
1593,0.1388888888888889,0,0,
1594,0.1388888888888889,0,0,
1595,0.1388888888888889,0,0,
1596,0.1388888888888889,0,0,
1597,0.1388888888888889,0,0,
1598,0.1388888888888889,0,0,
1599,0.1388888888888889,0,0,
1600,0.1388888888888889,0,0,
1601,0.1388888888888889,0,0,
1602,0.1388888888888889,0,0,
1603,0.1388888888888889,0,0,
1604,0.1388888888888889,0,0,
1605,0.1388888888888889,0,0,
1606,0.1388888888888889,0,0,
1607,0.1388888888888889,0,0,
1608,0.1388888888888889,0,0,
1609,0.1388888888888889,0,0,
1610,0.1388888888888889,0,0,
1611,0.1388888888888889,0,0,
1612,0.1388888888888889,0,0,
1613,0.1388888888888889,0,0,
1614,0.1388888888888889,0,0,
1615,0.13157894736842105,2,0,
1616,0.13157894736842105,0,0,
1617,0.13157894736842105,0,0,
1618,0.18604651162790697,5,3,
1619,0.18604651162790697,0,0,
1620,0.20454545454545456,1,1,
1621,0.2,1,0,
1622,0.2,0,0,
1623,0.2,0,0,
1624,0.2,0,0,
1625,0.2,0,0,
1626,0.2,0,0,
1627,0.2,0,0,
1628,0.2,0,0,
1629,0.2,0,0,
1630,0.2,0,0,
1631,0.2,0,0,
1632,0.2,0,0,
1633,0.2,0,0,
1634,0.2,0,0,
1635,0.2,0,0,
1636,0.2,0,0,
1637,0.2,0,0,
1638,0.2,0,0,
1639,0.2,0,0,
1640,0.21739130434782608,1,1,
1641,0.21739130434782608,0,0,
1642,0.21739130434782608,0,0,
1643,0.21739130434782608,0,0,
1644,0.21739130434782608,0,0,
1645,0.21739130434782608,0,0,
1646,0.21739130434782608,0,0,
1647,0.21739130434782608,0,0,
1648,0.21739130434782608,0,0,
1649,0.21739130434782608,0,0,
1650,0.21739130434782608,0,0,
1651,0.21739130434782608,0,0,
1652,0.21739130434782608,0,0,
1653,0.21739130434782608,0,0,
1654,0.21739130434782608,0,0,
1655,0.2127659574468085,1,0,
1656,0.2127659574468085,0,0,
1657,0.2127659574468085,0,0,
1658,0.2127659574468085,0,0,
1659,0.2127659574468085,0,0,
1660,0.2127659574468085,0,0,
1661,0.2127659574468085,0,0,
1662,0.2127659574468085,0,0,
1663,0.2127659574468085,0,0,
1664,0.2127659574468085,0,0,
1665,0.2127659574468085,0,0,
1666,0.22916666666666666,1,1,
1667,0.22916666666666666,0,0,
1668,0.22916666666666666,0,0,
1669,0.22916666666666666,0,0,
1670,0.22448979591836735,1,0,
1671,0.22448979591836735,0,0,
1672,0.22448979591836735,0,0,
1673,0.22448979591836735,0,0,
1674,0.22448979591836735,0,0,
1675,0.22448979591836735,0,0,
1676,0.22448979591836735,0,0,
1677,0.22448979591836735,0,0,
1678,0.22448979591836735,0,0,
1679,0.21153846153846154,3,0,
1680,0.20754716981132076,1,0,
1681,0.20754716981132076,0,0,
1682,0.2037037037037037,1,0,
1683,0.2,1,0,
1684,0.2,0,0,
1685,0.19298245614035087,2,0,
1686,0.19298245614035087,0,0,
1687,0.19298245614035087,0,0,
1688,0.19298245614035087,0,0,
1689,0.19298245614035087,0,0,
1690,0.19298245614035087,0,0,
1691,0.19298245614035087,0,0,
1692,0.19298245614035087,0,0,
1693,0.19298245614035087,0,0,
1694,0.19298245614035087,0,0,
1695,0.19298245614035087,0,0,
1696,0.19298245614035087,0,0,
1697,0.19298245614035087,0,0,
1698,0.19298245614035087,0,0,
1699,0.19298245614035087,0,0,
1700,0.19298245614035087,0,0,
1701,0.19298245614035087,0,0,
1702,0.19298245614035087,0,0,
1703,0.19298245614035087,0,0,
1704,0.19298245614035087,0,0,
1705,0.19298245614035087,0,0,
1706,0.19298245614035087,0,0,
1707,0.19298245614035087,0,0,
1708,0.19298245614035087,0,0,
1709,0.19298245614035087,0,0,
1710,0.19298245614035087,0,0,
1711,0.19298245614035087,0,0,
1712,0.20689655172413793,1,1,
1713,0.20689655172413793,0,0,
1714,0.20689655172413793,0,0,
1715,0.20689655172413793,0,0,
1716,0.20689655172413793,0,0,
1717,0.22033898305084745,1,1,
1718,0.22033898305084745,0,0,
1719,0.22033898305084745,0,0,
1720,0.23333333333333334,1,1,
1721,0.2459016393442623,1,1,
1722,0.2459016393442623,0,0,
1723,0.2459016393442623,0,0,
1724,0.2459016393442623,0,0,
1725,0.2459016393442623,0,0,
1726,0.2537313432835821,6,2,
1727,0.2647058823529412,1,1,
1728,0.2647058823529412,0,0,
1729,0.2647058823529412,0,0,
1730,0.2647058823529412,0,0,
1731,0.2647058823529412,0,0,
1732,0.2647058823529412,0,0,
1733,0.2647058823529412,0,0,
1734,0.2647058823529412,0,0,
1735,0.2647058823529412,0,0,
1736,0.2647058823529412,0,0,
1737,0.2647058823529412,0,0,
1738,0.2647058823529412,0,0,
1739,0.2647058823529412,0,0,
1740,0.2647058823529412,0,0,
1741,0.2647058823529412,0,0,
1742,0.2647058823529412,0,0,
1743,0.2647058823529412,0,0,
1744,0.2647058823529412,0,0,
1745,0.2647058823529412,0,0,
1746,0.2647058823529412,0,0,
1747,0.2676056338028169,3,1,
1748,0.2638888888888889,1,0,
1749,0.2638888888888889,0,0,
1750,0.273972602739726,1,1,
1751,0.273972602739726,0,0,
1752,0.273972602739726,0,0,
1753,0.2702702702702703,1,0,
1754,0.2702702702702703,0,0,
1755,0.2702702702702703,0,0,
1756,0.26666666666666666,1,0,
1757,0.26666666666666666,0,0,
1758,0.26666666666666666,0,0,
1759,0.26666666666666666,0,0,
1760,0.26666666666666666,0,0,
1761,0.26666666666666666,0,0,
1762,0.26666666666666666,0,0,
1763,0.26666666666666666,0,0,
1764,0.26666666666666666,0,0,
1765,0.26666666666666666,0,0,
1766,0.26666666666666666,0,0,
1767,0.26666666666666666,0,0,
1768,0.26666666666666666,0,0,
1769,0.26666666666666666,0,0,
1770,0.26666666666666666,0,0,
1771,0.26666666666666666,0,0,
1772,0.26666666666666666,0,0,
1773,0.26666666666666666,0,0,
1774,0.26666666666666666,0,0,
1775,0.26666666666666666,0,0,
1776,0.26666666666666666,0,0,
1777,0.26666666666666666,0,0,
1778,0.26666666666666666,0,0,
1779,0.26666666666666666,0,0,
1780,0.26666666666666666,0,0,
1781,0.26666666666666666,0,0,
1782,0.26666666666666666,0,0,
1783,0.26666666666666666,0,0,
1784,0.27631578947368424,1,1,
1785,0.27631578947368424,0,0,
1786,0.27631578947368424,0,0,
1787,0.2692307692307692,2,0,
1788,0.26582278481012656,1,0,
1789,0.26582278481012656,0,0,
1790,0.26582278481012656,0,0,
1791,0.26582278481012656,0,0,
1792,0.26582278481012656,0,0,
1793,0.26582278481012656,0,0,
1794,0.26582278481012656,0,0,
1795,0.2625,1,0,
1796,0.2625,0,0,
1797,0.2625,0,0,
1798,0.2625,0,0,
1799,0.2625,0,0,
1800,0.2625,0,0,
1801,0.2625,0,0,
1802,0.2625,0,0,
1803,0.2625,0,0,
1804,0.2625,0,0,
1805,0.2625,0,0,
1806,0.2625,0,0,
1807,0.2625,0,0,
1808,0.2625,0,0,
1809,0.2625,0,0,
1810,0.2625,0,0,
1811,0.2625,0,0,
1812,0.2625,0,0,
1813,0.2625,0,0,
1814,0.2625,0,0,
1815,0.25925925925925924,1,0,
1816,0.24705882352941178,4,0,
1817,0.24705882352941178,0,0,
1818,0.24705882352941178,0,0,
1819,0.24705882352941178,0,0,
1820,0.24705882352941178,0,0,
1821,0.24705882352941178,0,0,
1822,0.24705882352941178,0,0,
1823,0.24705882352941178,0,0,
1824,0.24705882352941178,0,0,
1825,0.24705882352941178,0,0,
1826,0.2441860465116279,1,0,
1827,0.2441860465116279,0,0,
1828,0.23863636363636365,2,0,
1829,0.23595505617977527,1,0,
1830,0.23595505617977527,0,0,
1831,0.23595505617977527,0,0,
1832,0.23595505617977527,0,0,
1833,0.23595505617977527,0,0,
1834,0.23595505617977527,0,0,
1835,0.23595505617977527,0,0,
1836,0.23595505617977527,0,0,
1837,0.23595505617977527,0,0,
1838,0.23595505617977527,0,0,
1839,0.24444444444444444,1,1,
1840,0.24444444444444444,0,0,
1841,0.25510204081632654,8,3,
1842,0.25510204081632654,0,0,
1843,0.25510204081632654,0,0,
1844,0.25,2,0,
1845,0.25,0,0,
1846,0.25,0,0,
1847,0.25,0,0,
1848,0.25,0,0,
1849,0.25,0,0,
1850,0.24509803921568626,2,0,
1851,0.24509803921568626,0,0,
1852,0.24509803921568626,0,0,
1853,0.24509803921568626,0,0,
1854,0.24509803921568626,0,0,
1855,0.24509803921568626,0,0,
1856,0.24509803921568626,0,0,
1857,0.24509803921568626,0,0,
1858,0.24509803921568626,0,0,
1859,0.24509803921568626,0,0,
1860,0.24509803921568626,0,0,
1861,0.24509803921568626,0,0,
1862,0.24509803921568626,0,0,
1863,0.24509803921568626,0,0,
1864,0.24509803921568626,0,0,
1865,0.24509803921568626,0,0,
1866,0.24271844660194175,1,0,
1867,0.24271844660194175,0,0,
1868,0.24271844660194175,0,0,
1869,0.2403846153846154,1,0,
1870,0.23809523809523808,1,0,
1871,0.23809523809523808,0,0,
1872,0.23809523809523808,0,0,
1873,0.23809523809523808,0,0,
1874,0.23809523809523808,0,0,
